3,96,TFMOdWWARO6+ppOjeZ1QKtJrGhA=,sXk2hYvIp8cegv8IxeInaMITqhI=
10,111,TFMOdWWARO6+ppOjeZ1QKtJrGhA=,sXk2hYvIp8cegv8IxeInaMITqhI=
13,111,TFMOdWWARO6+ppOjeZ1QKtJrGhA=,sXk2hYvIp8cegv8IxeInaMITqhI=
12,111,TFMOdWWARO6+ppOjeZ1QKtJrGhA=,sXk2hYvIp8cegv8IxeInaMITqhI=
9,97,TFMOdWWARO6+ppOjeZ1QKtJrGhA=,sXk2hYvIp8cegv8IxeInaMITqhI=
8,97,TFMOdWWARO6+ppOjeZ1QKtJrGhA=,sXk2hYvIp8cegv8IxeInaMITqhI=
7,97,TFMOdWWARO6+ppOjeZ1QKtJrGhA=,sXk2hYvIp8cegv8IxeInaMITqhI=
6,97,cnK6rF9VUYJwyziK27V3ZwXURIQ=,sXk2hYvIp8cegv8IxeInaMITqhI=
5,97,cnK6rF9VUYJwyziK27V3ZwXURIQ=,sXk2hYvIp8cegv8IxeInaMITqhI=
10,97,cnK6rF9VUYJwyziK27V3ZwXURIQ=,sXk2hYvIp8cegv8IxeInaMITqhI=
11,111,cnK6rF9VUYJwyziK27V3ZwXURIQ=,sXk2hYvIp8cegv8IxeInaMITqhI=
4,97,cnK6rF9VUYJwyziK27V3ZwXURIQ=,sXk2hYvIp8cegv8IxeInaMITqhI=
14,111,cnK6rF9VUYJwyziK27V3ZwXURIQ=,sXk2hYvIp8cegv8IxeInaMITqhI=
6,111,cnK6rF9VUYJwyziK27V3ZwXURIQ=,sXk2hYvIp8cegv8IxeInaMITqhI=
12,97,cnK6rF9VUYJwyziK27V3ZwXURIQ=,sXk2hYvIp8cegv8IxeInaMITqhI=
5,111,cnK6rF9VUYJwyziK27V3ZwXURIQ=,sXk2hYvIp8cegv8IxeInaMITqhI=
3,111,cnK6rF9VUYJwyziK27V3ZwXURIQ=,sXk2hYvIp8cegv8IxeInaMITqhI=
2,111,cnK6rF9VUYJwyziK27V3ZwXURIQ=,sXk2hYvIp8cegv8IxeInaMITqhI=
1,111,cnK6rF9VUYJwyziK27V3ZwXURIQ=,sXk2hYvIp8cegv8IxeInaMITqhI=
4,111,cnK6rF9VUYJwyziK27V3ZwXURIQ=,sXk2hYvIp8cegv8IxeInaMITqhI=
0,111,cnK6rF9VUYJwyziK27V3ZwXURIQ=,sXk2hYvIp8cegv8IxeInaMITqhI=
1,97,cnK6rF9VUYJwyziK27V3ZwXURIQ=,sXk2hYvIp8cegv8IxeInaMITqhI=
3,97,cnK6rF9VUYJwyziK27V3ZwXURIQ=,sXk2hYvIp8cegv8IxeInaMITqhI=
2,97,cnK6rF9VUYJwyziK27V3ZwXURIQ=,sXk2hYvIp8cegv8IxeInaMITqhI=
2,96,cnK6rF9VUYJwyziK27V3ZwXURIQ=,sXk2hYvIp8cegv8IxeInaMITqhI=
15,111,cnK6rF9VUYJwyziK27V3ZwXURIQ=,sXk2hYvIp8cegv8IxeInaMITqhI=
8,111,cnK6rF9VUYJwyziK27V3ZwXURIQ=,sXk2hYvIp8cegv8IxeInaMITqhI=
14,98,cnK6rF9VUYJwyziK27V3ZwXURIQ=,sXk2hYvIp8cegv8IxeInaMITqhI=
7,111,cnK6rF9VUYJwyziK27V3ZwXURIQ=,sXk2hYvIp8cegv8IxeInaMITqhI=
14,97,cnK6rF9VUYJwyziK27V3ZwXURIQ=,sXk2hYvIp8cegv8IxeInaMITqhI=
11,97,cnK6rF9VUYJwyziK27V3ZwXURIQ=,sXk2hYvIp8cegv8IxeInaMITqhI=
13,97,cnK6rF9VUYJwyziK27V3ZwXURIQ=,sXk2hYvIp8cegv8IxeInaMITqhI=
13,98,cnK6rF9VUYJwyziK27V3ZwXURIQ=,sXk2hYvIp8cegv8IxeInaMITqhI=
13,110,cnK6rF9VUYJwyziK27V3ZwXURIQ=,sXk2hYvIp8cegv8IxeInaMITqhI=
12,110,cnK6rF9VUYJwyziK27V3ZwXURIQ=,sXk2hYvIp8cegv8IxeInaMITqhI=
6,110,cnK6rF9VUYJwyziK27V3ZwXURIQ=,sXk2hYvIp8cegv8IxeInaMITqhI=
5,110,cnK6rF9VUYJwyziK27V3ZwXURIQ=,sXk2hYvIp8cegv8IxeInaMITqhI=
4,110,cnK6rF9VUYJwyziK27V3ZwXURIQ=,sXk2hYvIp8cegv8IxeInaMITqhI=
3,110,cnK6rF9VUYJwyziK27V3ZwXURIQ=,sXk2hYvIp8cegv8IxeInaMITqhI=
2,110,cnK6rF9VUYJwyziK27V3ZwXURIQ=,sXk2hYvIp8cegv8IxeInaMITqhI=
1,110,cnK6rF9VUYJwyziK27V3ZwXURIQ=,sXk2hYvIp8cegv8IxeInaMITqhI=
0,110,cnK6rF9VUYJwyziK27V3ZwXURIQ=,sXk2hYvIp8cegv8IxeInaMITqhI=
0,97,cnK6rF9VUYJwyziK27V3ZwXURIQ=,sXk2hYvIp8cegv8IxeInaMITqhI=
10,110,cnK6rF9VUYJwyziK27V3ZwXURIQ=,sXk2hYvIp8cegv8IxeInaMITqhI=
7,110,cnK6rF9VUYJwyziK27V3ZwXURIQ=,sXk2hYvIp8cegv8IxeInaMITqhI=
9,111,cnK6rF9VUYJwyziK27V3ZwXURIQ=,sXk2hYvIp8cegv8IxeInaMITqhI=
0,99,cnK6rF9VUYJwyziK27V3ZwXURIQ=,sXk2hYvIp8cegv8IxeInaMITqhI=
15,98,cnK6rF9VUYJwyziK27V3ZwXURIQ=,sXk2hYvIp8cegv8IxeInaMITqhI=
1,99,cnK6rF9VUYJwyziK27V3ZwXURIQ=,sXk2hYvIp8cegv8IxeInaMITqhI=
2,99,cnK6rF9VUYJwyziK27V3ZwXURIQ=,sXk2hYvIp8cegv8IxeInaMITqhI=
3,99,cnK6rF9VUYJwyziK27V3ZwXURIQ=,sXk2hYvIp8cegv8IxeInaMITqhI=
0,98,cnK6rF9VUYJwyziK27V3ZwXURIQ=,sXk2hYvIp8cegv8IxeInaMITqhI=
4,99,cnK6rF9VUYJwyziK27V3ZwXURIQ=,sXk2hYvIp8cegv8IxeInaMITqhI=
4,96,cnK6rF9VUYJwyziK27V3ZwXURIQ=,sXk2hYvIp8cegv8IxeInaMITqhI=
5,99,cnK6rF9VUYJwyziK27V3ZwXURIQ=,sXk2hYvIp8cegv8IxeInaMITqhI=
6,99,cnK6rF9VUYJwyziK27V3ZwXURIQ=,sXk2hYvIp8cegv8IxeInaMITqhI=
7,99,cnK6rF9VUYJwyziK27V3ZwXURIQ=,sXk2hYvIp8cegv8IxeInaMITqhI=
8,99,cnK6rF9VUYJwyziK27V3ZwXURIQ=,sXk2hYvIp8cegv8IxeInaMITqhI=
0,96,cnK6rF9VUYJwyziK27V3ZwXURIQ=,sXk2hYvIp8cegv8IxeInaMITqhI=
11,110,cnK6rF9VUYJwyziK27V3ZwXURIQ=,sXk2hYvIp8cegv8IxeInaMITqhI=
15,110,cnK6rF9VUYJwyziK27V3ZwXURIQ=,sXk2hYvIp8cegv8IxeInaMITqhI=
14,110,cnK6rF9VUYJwyziK27V3ZwXURIQ=,sXk2hYvIp8cegv8IxeInaMITqhI=
9,99,cnK6rF9VUYJwyziK27V3ZwXURIQ=,sXk2hYvIp8cegv8IxeInaMITqhI=
12,98,cnK6rF9VUYJwyziK27V3ZwXURIQ=,sXk2hYvIp8cegv8IxeInaMITqhI=
15,97,cnK6rF9VUYJwyziK27V3ZwXURIQ=,sXk2hYvIp8cegv8IxeInaMITqhI=
9,110,cnK6rF9VUYJwyziK27V3ZwXURIQ=,sXk2hYvIp8cegv8IxeInaMITqhI=
10,109,cnK6rF9VUYJwyziK27V3ZwXURIQ=,sXk2hYvIp8cegv8IxeInaMITqhI=
6,109,cnK6rF9VUYJwyziK27V3ZwXURIQ=,sXk2hYvIp8cegv8IxeInaMITqhI=
5,109,cnK6rF9VUYJwyziK27V3ZwXURIQ=,sXk2hYvIp8cegv8IxeInaMITqhI=
3,109,cnK6rF9VUYJwyziK27V3ZwXURIQ=,sXk2hYvIp8cegv8IxeInaMITqhI=
4,109,cnK6rF9VUYJwyziK27V3ZwXURIQ=,sXk2hYvIp8cegv8IxeInaMITqhI=
2,109,cnK6rF9VUYJwyziK27V3ZwXURIQ=,sXk2hYvIp8cegv8IxeInaMITqhI=
1,109,cnK6rF9VUYJwyziK27V3ZwXURIQ=,sXk2hYvIp8cegv8IxeInaMITqhI=
0,109,cnK6rF9VUYJwyziK27V3ZwXURIQ=,sXk2hYvIp8cegv8IxeInaMITqhI=
15,96,cnK6rF9VUYJwyziK27V3ZwXURIQ=,sXk2hYvIp8cegv8IxeInaMITqhI=
1,96,cnK6rF9VUYJwyziK27V3ZwXURIQ=,sXk2hYvIp8cegv8IxeInaMITqhI=
8,110,cnK6rF9VUYJwyziK27V3ZwXURIQ=,sXk2hYvIp8cegv8IxeInaMITqhI=
15,109,cnK6rF9VUYJwyziK27V3ZwXURIQ=,sXk2hYvIp8cegv8IxeInaMITqhI=
12,109,cnK6rF9VUYJwyziK27V3ZwXURIQ=,sXk2hYvIp8cegv8IxeInaMITqhI=
7,109,cnK6rF9VUYJwyziK27V3ZwXURIQ=,sXk2hYvIp8cegv8IxeInaMITqhI=
13,109,cnK6rF9VUYJwyziK27V3ZwXURIQ=,sXk2hYvIp8cegv8IxeInaMITqhI=
12,108,cnK6rF9VUYJwyziK27V3ZwXURIQ=,sXk2hYvIp8cegv8IxeInaMITqhI=
11,98,cnK6rF9VUYJwyziK27V3ZwXURIQ=,sXk2hYvIp8cegv8IxeInaMITqhI=
13,108,cnK6rF9VUYJwyziK27V3ZwXURIQ=,sXk2hYvIp8cegv8IxeInaMITqhI=
15,108,cnK6rF9VUYJwyziK27V3ZwXURIQ=,sXk2hYvIp8cegv8IxeInaMITqhI=
10,98,cnK6rF9VUYJwyziK27V3ZwXURIQ=,sXk2hYvIp8cegv8IxeInaMITqhI=
14,96,cnK6rF9VUYJwyziK27V3ZwXURIQ=,sXk2hYvIp8cegv8IxeInaMITqhI=
6,108,cnK6rF9VUYJwyziK27V3ZwXURIQ=,sXk2hYvIp8cegv8IxeInaMITqhI=
5,108,cnK6rF9VUYJwyziK27V3ZwXURIQ=,sXk2hYvIp8cegv8IxeInaMITqhI=
4,108,cnK6rF9VUYJwyziK27V3ZwXURIQ=,sXk2hYvIp8cegv8IxeInaMITqhI=
3,108,cnK6rF9VUYJwyziK27V3ZwXURIQ=,sXk2hYvIp8cegv8IxeInaMITqhI=
2,108,cnK6rF9VUYJwyziK27V3ZwXURIQ=,sXk2hYvIp8cegv8IxeInaMITqhI=
1,108,cnK6rF9VUYJwyziK27V3ZwXURIQ=,sXk2hYvIp8cegv8IxeInaMITqhI=
0,108,cnK6rF9VUYJwyziK27V3ZwXURIQ=,sXk2hYvIp8cegv8IxeInaMITqhI=
9,109,cnK6rF9VUYJwyziK27V3ZwXURIQ=,sXk2hYvIp8cegv8IxeInaMITqhI=
14,108,cnK6rF9VUYJwyziK27V3ZwXURIQ=,sXk2hYvIp8cegv8IxeInaMITqhI=
8,109,cnK6rF9VUYJwyziK27V3ZwXURIQ=,sXk2hYvIp8cegv8IxeInaMITqhI=
14,107,cnK6rF9VUYJwyziK27V3ZwXURIQ=,sXk2hYvIp8cegv8IxeInaMITqhI=
13,107,cnK6rF9VUYJwyziK27V3ZwXURIQ=,sXk2hYvIp8cegv8IxeInaMITqhI=
9,98,cnK6rF9VUYJwyziK27V3ZwXURIQ=,sXk2hYvIp8cegv8IxeInaMITqhI=
10,99,cnK6rF9VUYJwyziK27V3ZwXURIQ=,sXk2hYvIp8cegv8IxeInaMITqhI=
12,107,cnK6rF9VUYJwyziK27V3ZwXURIQ=,sXk2hYvIp8cegv8IxeInaMITqhI=
10,108,cnK6rF9VUYJwyziK27V3ZwXURIQ=,sXk2hYvIp8cegv8IxeInaMITqhI=
7,108,cnK6rF9VUYJwyziK27V3ZwXURIQ=,sXk2hYvIp8cegv8IxeInaMITqhI=
15,107,cnK6rF9VUYJwyziK27V3ZwXURIQ=,sXk2hYvIp8cegv8IxeInaMITqhI=
6,107,cnK6rF9VUYJwyziK27V3ZwXURIQ=,sXk2hYvIp8cegv8IxeInaMITqhI=
5,107,cnK6rF9VUYJwyziK27V3ZwXURIQ=,sXk2hYvIp8cegv8IxeInaMITqhI=
4,107,cnK6rF9VUYJwyziK27V3ZwXURIQ=,sXk2hYvIp8cegv8IxeInaMITqhI=
3,107,cnK6rF9VUYJwyziK27V3ZwXURIQ=,sXk2hYvIp8cegv8IxeInaMITqhI=
2,107,cnK6rF9VUYJwyziK27V3ZwXURIQ=,sXk2hYvIp8cegv8IxeInaMITqhI=
1,107,cnK6rF9VUYJwyziK27V3ZwXURIQ=,sXk2hYvIp8cegv8IxeInaMITqhI=
0,107,cnK6rF9VUYJwyziK27V3ZwXURIQ=,sXk2hYvIp8cegv8IxeInaMITqhI=
11,109,cnK6rF9VUYJwyziK27V3ZwXURIQ=,sXk2hYvIp8cegv8IxeInaMITqhI=
9,108,cnK6rF9VUYJwyziK27V3ZwXURIQ=,sXk2hYvIp8cegv8IxeInaMITqhI=
13,96,cnK6rF9VUYJwyziK27V3ZwXURIQ=,sXk2hYvIp8cegv8IxeInaMITqhI=
11,107,cnK6rF9VUYJwyziK27V3ZwXURIQ=,sXk2hYvIp8cegv8IxeInaMITqhI=
7,107,cnK6rF9VUYJwyziK27V3ZwXURIQ=,sXk2hYvIp8cegv8IxeInaMITqhI=
14,106,cnK6rF9VUYJwyziK27V3ZwXURIQ=,sXk2hYvIp8cegv8IxeInaMITqhI=
10,107,cnK6rF9VUYJwyziK27V3ZwXURIQ=,sXk2hYvIp8cegv8IxeInaMITqhI=
8,98,cnK6rF9VUYJwyziK27V3ZwXURIQ=,sXk2hYvIp8cegv8IxeInaMITqhI=
11,106,cnK6rF9VUYJwyziK27V3ZwXURIQ=,sXk2hYvIp8cegv8IxeInaMITqhI=
13,106,cnK6rF9VUYJwyziK27V3ZwXURIQ=,sXk2hYvIp8cegv8IxeInaMITqhI=
7,106,cnK6rF9VUYJwyziK27V3ZwXURIQ=,sXk2hYvIp8cegv8IxeInaMITqhI=
6,106,cnK6rF9VUYJwyziK27V3ZwXURIQ=,sXk2hYvIp8cegv8IxeInaMITqhI=
5,106,cnK6rF9VUYJwyziK27V3ZwXURIQ=,sXk2hYvIp8cegv8IxeInaMITqhI=
4,106,cnK6rF9VUYJwyziK27V3ZwXURIQ=,sXk2hYvIp8cegv8IxeInaMITqhI=
3,106,cnK6rF9VUYJwyziK27V3ZwXURIQ=,sXk2hYvIp8cegv8IxeInaMITqhI=
2,106,cnK6rF9VUYJwyziK27V3ZwXURIQ=,sXk2hYvIp8cegv8IxeInaMITqhI=
1,106,cnK6rF9VUYJwyziK27V3ZwXURIQ=,sXk2hYvIp8cegv8IxeInaMITqhI=
0,106,cnK6rF9VUYJwyziK27V3ZwXURIQ=,sXk2hYvIp8cegv8IxeInaMITqhI=
12,106,cnK6rF9VUYJwyziK27V3ZwXURIQ=,sXk2hYvIp8cegv8IxeInaMITqhI=
11,99,cnK6rF9VUYJwyziK27V3ZwXURIQ=,sXk2hYvIp8cegv8IxeInaMITqhI=
15,106,cnK6rF9VUYJwyziK27V3ZwXURIQ=,sXk2hYvIp8cegv8IxeInaMITqhI=
8,106,cnK6rF9VUYJwyziK27V3ZwXURIQ=,sXk2hYvIp8cegv8IxeInaMITqhI=
9,107,cnK6rF9VUYJwyziK27V3ZwXURIQ=,sXk2hYvIp8cegv8IxeInaMITqhI=
9,106,cnK6rF9VUYJwyziK27V3ZwXURIQ=,sXk2hYvIp8cegv8IxeInaMITqhI=
8,107,cnK6rF9VUYJwyziK27V3ZwXURIQ=,sXk2hYvIp8cegv8IxeInaMITqhI=
10,106,cnK6rF9VUYJwyziK27V3ZwXURIQ=,sXk2hYvIp8cegv8IxeInaMITqhI=
10,105,cnK6rF9VUYJwyziK27V3ZwXURIQ=,sXk2hYvIp8cegv8IxeInaMITqhI=
7,98,cnK6rF9VUYJwyziK27V3ZwXURIQ=,sXk2hYvIp8cegv8IxeInaMITqhI=
13,105,cnK6rF9VUYJwyziK27V3ZwXURIQ=,sXk2hYvIp8cegv8IxeInaMITqhI=
11,105,cnK6rF9VUYJwyziK27V3ZwXURIQ=,sXk2hYvIp8cegv8IxeInaMITqhI=
6,105,cnK6rF9VUYJwyziK27V3ZwXURIQ=,sXk2hYvIp8cegv8IxeInaMITqhI=
5,105,cnK6rF9VUYJwyziK27V3ZwXURIQ=,sXk2hYvIp8cegv8IxeInaMITqhI=
4,105,cnK6rF9VUYJwyziK27V3ZwXURIQ=,sXk2hYvIp8cegv8IxeInaMITqhI=
14,105,cnK6rF9VUYJwyziK27V3ZwXURIQ=,sXk2hYvIp8cegv8IxeInaMITqhI=
3,105,cnK6rF9VUYJwyziK27V3ZwXURIQ=,sXk2hYvIp8cegv8IxeInaMITqhI=
2,105,cnK6rF9VUYJwyziK27V3ZwXURIQ=,sXk2hYvIp8cegv8IxeInaMITqhI=
1,105,cnK6rF9VUYJwyziK27V3ZwXURIQ=,sXk2hYvIp8cegv8IxeInaMITqhI=
12,99,cnK6rF9VUYJwyziK27V3ZwXURIQ=,sXk2hYvIp8cegv8IxeInaMITqhI=
0,105,cnK6rF9VUYJwyziK27V3ZwXURIQ=,sXk2hYvIp8cegv8IxeInaMITqhI=
12,105,cnK6rF9VUYJwyziK27V3ZwXURIQ=,sXk2hYvIp8cegv8IxeInaMITqhI=
7,105,cnK6rF9VUYJwyziK27V3ZwXURIQ=,sXk2hYvIp8cegv8IxeInaMITqhI=
11,96,cnK6rF9VUYJwyziK27V3ZwXURIQ=,sXk2hYvIp8cegv8IxeInaMITqhI=
8,108,cnK6rF9VUYJwyziK27V3ZwXURIQ=,sXk2hYvIp8cegv8IxeInaMITqhI=
12,104,cnK6rF9VUYJwyziK27V3ZwXURIQ=,sXk2hYvIp8cegv8IxeInaMITqhI=
11,108,cnK6rF9VUYJwyziK27V3ZwXURIQ=,sXk2hYvIp8cegv8IxeInaMITqhI=
10,104,cnK6rF9VUYJwyziK27V3ZwXURIQ=,sXk2hYvIp8cegv8IxeInaMITqhI=
8,105,cnK6rF9VUYJwyziK27V3ZwXURIQ=,sXk2hYvIp8cegv8IxeInaMITqhI=
6,98,cnK6rF9VUYJwyziK27V3ZwXURIQ=,sXk2hYvIp8cegv8IxeInaMITqhI=
10,96,cnK6rF9VUYJwyziK27V3ZwXURIQ=,sXk2hYvIp8cegv8IxeInaMITqhI=
6,104,cnK6rF9VUYJwyziK27V3ZwXURIQ=,sXk2hYvIp8cegv8IxeInaMITqhI=
5,104,cnK6rF9VUYJwyziK27V3ZwXURIQ=,sXk2hYvIp8cegv8IxeInaMITqhI=
4,104,cnK6rF9VUYJwyziK27V3ZwXURIQ=,sXk2hYvIp8cegv8IxeInaMITqhI=
3,104,cnK6rF9VUYJwyziK27V3ZwXURIQ=,sXk2hYvIp8cegv8IxeInaMITqhI=
2,104,cnK6rF9VUYJwyziK27V3ZwXURIQ=,sXk2hYvIp8cegv8IxeInaMITqhI=
1,104,cnK6rF9VUYJwyziK27V3ZwXURIQ=,sXk2hYvIp8cegv8IxeInaMITqhI=
0,104,cnK6rF9VUYJwyziK27V3ZwXURIQ=,sXk2hYvIp8cegv8IxeInaMITqhI=
7,104,cnK6rF9VUYJwyziK27V3ZwXURIQ=,sXk2hYvIp8cegv8IxeInaMITqhI=
12,96,cnK6rF9VUYJwyziK27V3ZwXURIQ=,sXk2hYvIp8cegv8IxeInaMITqhI=
15,104,cnK6rF9VUYJwyziK27V3ZwXURIQ=,sXk2hYvIp8cegv8IxeInaMITqhI=
14,104,cnK6rF9VUYJwyziK27V3ZwXURIQ=,sXk2hYvIp8cegv8IxeInaMITqhI=
9,105,cnK6rF9VUYJwyziK27V3ZwXURIQ=,sXk2hYvIp8cegv8IxeInaMITqhI=
13,99,cnK6rF9VUYJwyziK27V3ZwXURIQ=,sXk2hYvIp8cegv8IxeInaMITqhI=
13,104,cnK6rF9VUYJwyziK27V3ZwXURIQ=,sXk2hYvIp8cegv8IxeInaMITqhI=
8,104,cnK6rF9VUYJwyziK27V3ZwXURIQ=,sXk2hYvIp8cegv8IxeInaMITqhI=
9,104,cnK6rF9VUYJwyziK27V3ZwXURIQ=,sXk2hYvIp8cegv8IxeInaMITqhI=
9,96,cnK6rF9VUYJwyziK27V3ZwXURIQ=,sXk2hYvIp8cegv8IxeInaMITqhI=
5,98,cnK6rF9VUYJwyziK27V3ZwXURIQ=,sXk2hYvIp8cegv8IxeInaMITqhI=
7,103,cnK6rF9VUYJwyziK27V3ZwXURIQ=,sXk2hYvIp8cegv8IxeInaMITqhI=
5,103,cnK6rF9VUYJwyziK27V3ZwXURIQ=,sXk2hYvIp8cegv8IxeInaMITqhI=
4,103,cnK6rF9VUYJwyziK27V3ZwXURIQ=,sXk2hYvIp8cegv8IxeInaMITqhI=
6,103,cnK6rF9VUYJwyziK27V3ZwXURIQ=,sXk2hYvIp8cegv8IxeInaMITqhI=
3,103,cnK6rF9VUYJwyziK27V3ZwXURIQ=,sXk2hYvIp8cegv8IxeInaMITqhI=
2,103,cnK6rF9VUYJwyziK27V3ZwXURIQ=,sXk2hYvIp8cegv8IxeInaMITqhI=
1,103,cnK6rF9VUYJwyziK27V3ZwXURIQ=,sXk2hYvIp8cegv8IxeInaMITqhI=
0,103,cnK6rF9VUYJwyziK27V3ZwXURIQ=,sXk2hYvIp8cegv8IxeInaMITqhI=
9,103,cnK6rF9VUYJwyziK27V3ZwXURIQ=,sXk2hYvIp8cegv8IxeInaMITqhI=
11,103,cnK6rF9VUYJwyziK27V3ZwXURIQ=,sXk2hYvIp8cegv8IxeInaMITqhI=
10,103,cnK6rF9VUYJwyziK27V3ZwXURIQ=,sXk2hYvIp8cegv8IxeInaMITqhI=
14,99,cnK6rF9VUYJwyziK27V3ZwXURIQ=,sXk2hYvIp8cegv8IxeInaMITqhI=
12,103,cnK6rF9VUYJwyziK27V3ZwXURIQ=,sXk2hYvIp8cegv8IxeInaMITqhI=
15,103,cnK6rF9VUYJwyziK27V3ZwXURIQ=,sXk2hYvIp8cegv8IxeInaMITqhI=
12,102,cnK6rF9VUYJwyziK27V3ZwXURIQ=,sXk2hYvIp8cegv8IxeInaMITqhI=
9,102,cnK6rF9VUYJwyziK27V3ZwXURIQ=,sXk2hYvIp8cegv8IxeInaMITqhI=
14,103,cnK6rF9VUYJwyziK27V3ZwXURIQ=,sXk2hYvIp8cegv8IxeInaMITqhI=
13,102,cnK6rF9VUYJwyziK27V3ZwXURIQ=,sXk2hYvIp8cegv8IxeInaMITqhI=
6,102,cnK6rF9VUYJwyziK27V3ZwXURIQ=,sXk2hYvIp8cegv8IxeInaMITqhI=
8,96,cnK6rF9VUYJwyziK27V3ZwXURIQ=,sXk2hYvIp8cegv8IxeInaMITqhI=
4,98,cnK6rF9VUYJwyziK27V3ZwXURIQ=,sXk2hYvIp8cegv8IxeInaMITqhI=
4,102,cnK6rF9VUYJwyziK27V3ZwXURIQ=,sXk2hYvIp8cegv8IxeInaMITqhI=
5,102,cnK6rF9VUYJwyziK27V3ZwXURIQ=,sXk2hYvIp8cegv8IxeInaMITqhI=
3,102,cnK6rF9VUYJwyziK27V3ZwXURIQ=,sXk2hYvIp8cegv8IxeInaMITqhI=
1,102,cnK6rF9VUYJwyziK27V3ZwXURIQ=,sXk2hYvIp8cegv8IxeInaMITqhI=
2,102,cnK6rF9VUYJwyziK27V3ZwXURIQ=,sXk2hYvIp8cegv8IxeInaMITqhI=
0,102,cnK6rF9VUYJwyziK27V3ZwXURIQ=,sXk2hYvIp8cegv8IxeInaMITqhI=
7,102,cnK6rF9VUYJwyziK27V3ZwXURIQ=,sXk2hYvIp8cegv8IxeInaMITqhI=
11,102,cnK6rF9VUYJwyziK27V3ZwXURIQ=,sXk2hYvIp8cegv8IxeInaMITqhI=
8,102,cnK6rF9VUYJwyziK27V3ZwXURIQ=,sXk2hYvIp8cegv8IxeInaMITqhI=
8,103,cnK6rF9VUYJwyziK27V3ZwXURIQ=,sXk2hYvIp8cegv8IxeInaMITqhI=
10,102,cnK6rF9VUYJwyziK27V3ZwXURIQ=,sXk2hYvIp8cegv8IxeInaMITqhI=
13,103,cnK6rF9VUYJwyziK27V3ZwXURIQ=,sXk2hYvIp8cegv8IxeInaMITqhI=
8,101,cnK6rF9VUYJwyziK27V3ZwXURIQ=,sXk2hYvIp8cegv8IxeInaMITqhI=
7,101,cnK6rF9VUYJwyziK27V3ZwXURIQ=,sXk2hYvIp8cegv8IxeInaMITqhI=
6,101,cnK6rF9VUYJwyziK27V3ZwXURIQ=,sXk2hYvIp8cegv8IxeInaMITqhI=
5,101,cnK6rF9VUYJwyziK27V3ZwXURIQ=,sXk2hYvIp8cegv8IxeInaMITqhI=
7,96,cnK6rF9VUYJwyziK27V3ZwXURIQ=,sXk2hYvIp8cegv8IxeInaMITqhI=
3,98,cnK6rF9VUYJwyziK27V3ZwXURIQ=,sXk2hYvIp8cegv8IxeInaMITqhI=
4,101,cnK6rF9VUYJwyziK27V3ZwXURIQ=,sXk2hYvIp8cegv8IxeInaMITqhI=
3,101,cnK6rF9VUYJwyziK27V3ZwXURIQ=,sXk2hYvIp8cegv8IxeInaMITqhI=
2,101,cnK6rF9VUYJwyziK27V3ZwXURIQ=,sXk2hYvIp8cegv8IxeInaMITqhI=
1,101,cnK6rF9VUYJwyziK27V3ZwXURIQ=,sXk2hYvIp8cegv8IxeInaMITqhI=
0,101,cnK6rF9VUYJwyziK27V3ZwXURIQ=,sXk2hYvIp8cegv8IxeInaMITqhI=
6,96,cnK6rF9VUYJwyziK27V3ZwXURIQ=,sXk2hYvIp8cegv8IxeInaMITqhI=
10,101,cnK6rF9VUYJwyziK27V3ZwXURIQ=,sXk2hYvIp8cegv8IxeInaMITqhI=
11,104,cnK6rF9VUYJwyziK27V3ZwXURIQ=,sXk2hYvIp8cegv8IxeInaMITqhI=
14,102,cnK6rF9VUYJwyziK27V3ZwXURIQ=,sXk2hYvIp8cegv8IxeInaMITqhI=
15,105,cnK6rF9VUYJwyziK27V3ZwXURIQ=,sXk2hYvIp8cegv8IxeInaMITqhI=
15,99,cnK6rF9VUYJwyziK27V3ZwXURIQ=,sXk2hYvIp8cegv8IxeInaMITqhI=
1,98,cnK6rF9VUYJwyziK27V3ZwXURIQ=,sXk2hYvIp8cegv8IxeInaMITqhI=
0,100,cnK6rF9VUYJwyziK27V3ZwXURIQ=,sXk2hYvIp8cegv8IxeInaMITqhI=
1,100,cnK6rF9VUYJwyziK27V3ZwXURIQ=,sXk2hYvIp8cegv8IxeInaMITqhI=
2,100,cnK6rF9VUYJwyziK27V3ZwXURIQ=,sXk2hYvIp8cegv8IxeInaMITqhI=
3,100,cnK6rF9VUYJwyziK27V3ZwXURIQ=,sXk2hYvIp8cegv8IxeInaMITqhI=
4,100,cnK6rF9VUYJwyziK27V3ZwXURIQ=,sXk2hYvIp8cegv8IxeInaMITqhI=
2,98,cnK6rF9VUYJwyziK27V3ZwXURIQ=,sXk2hYvIp8cegv8IxeInaMITqhI=
5,100,cnK6rF9VUYJwyziK27V3ZwXURIQ=,sXk2hYvIp8cegv8IxeInaMITqhI=
5,96,cnK6rF9VUYJwyziK27V3ZwXURIQ=,sXk2hYvIp8cegv8IxeInaMITqhI=
6,100,cnK6rF9VUYJwyziK27V3ZwXURIQ=,sXk2hYvIp8cegv8IxeInaMITqhI=
7,100,cnK6rF9VUYJwyziK27V3ZwXURIQ=,sXk2hYvIp8cegv8IxeInaMITqhI=
11,101,cnK6rF9VUYJwyziK27V3ZwXURIQ=,sXk2hYvIp8cegv8IxeInaMITqhI=
14,109,cnK6rF9VUYJwyziK27V3ZwXURIQ=,sXk2hYvIp8cegv8IxeInaMITqhI=
13,101,cnK6rF9VUYJwyziK27V3ZwXURIQ=,sXk2hYvIp8cegv8IxeInaMITqhI=
9,100,cnK6rF9VUYJwyziK27V3ZwXURIQ=,sXk2hYvIp8cegv8IxeInaMITqhI=
12,101,cnK6rF9VUYJwyziK27V3ZwXURIQ=,sXk2hYvIp8cegv8IxeInaMITqhI=
15,100,cnK6rF9VUYJwyziK27V3ZwXURIQ=,sXk2hYvIp8cegv8IxeInaMITqhI=
14,101,cnK6rF9VUYJwyziK27V3ZwXURIQ=,sXk2hYvIp8cegv8IxeInaMITqhI=
8,100,cnK6rF9VUYJwyziK27V3ZwXURIQ=,sXk2hYvIp8cegv8IxeInaMITqhI=
15,101,cnK6rF9VUYJwyziK27V3ZwXURIQ=,sXk2hYvIp8cegv8IxeInaMITqhI=
14,100,cnK6rF9VUYJwyziK27V3ZwXURIQ=,sXk2hYvIp8cegv8IxeInaMITqhI=
12,100,cnK6rF9VUYJwyziK27V3ZwXURIQ=,sXk2hYvIp8cegv8IxeInaMITqhI=
13,100,cnK6rF9VUYJwyziK27V3ZwXURIQ=,sXk2hYvIp8cegv8IxeInaMITqhI=
10,100,cnK6rF9VUYJwyziK27V3ZwXURIQ=,sXk2hYvIp8cegv8IxeInaMITqhI=
11,100,cnK6rF9VUYJwyziK27V3ZwXURIQ=,sXk2hYvIp8cegv8IxeInaMITqhI=
9,101,cnK6rF9VUYJwyziK27V3ZwXURIQ=,sXk2hYvIp8cegv8IxeInaMITqhI=
15,102,cnK6rF9VUYJwyziK27V3ZwXURIQ=,sXk2hYvIp8cegv8IxeInaMITqhI=
3,112,cnK6rF9VUYJwyziK27V3ZwXURIQ=,JmV8hLW/jMInWDK2m23G/I9UzAg=
11,127,cnK6rF9VUYJwyziK27V3ZwXURIQ=,JmV8hLW/jMInWDK2m23G/I9UzAg=
10,127,cnK6rF9VUYJwyziK27V3ZwXURIQ=,JmV8hLW/jMInWDK2m23G/I9UzAg=
9,127,cnK6rF9VUYJwyziK27V3ZwXURIQ=,JmV8hLW/jMInWDK2m23G/I9UzAg=
8,127,cnK6rF9VUYJwyziK27V3ZwXURIQ=,JmV8hLW/jMInWDK2m23G/I9UzAg=
6,127,cnK6rF9VUYJwyziK27V3ZwXURIQ=,JmV8hLW/jMInWDK2m23G/I9UzAg=
7,127,cnK6rF9VUYJwyziK27V3ZwXURIQ=,JmV8hLW/jMInWDK2m23G/I9UzAg=
5,127,cnK6rF9VUYJwyziK27V3ZwXURIQ=,JmV8hLW/jMInWDK2m23G/I9UzAg=
9,114,cnK6rF9VUYJwyziK27V3ZwXURIQ=,JmV8hLW/jMInWDK2m23G/I9UzAg=
4,127,cnK6rF9VUYJwyziK27V3ZwXURIQ=,JmV8hLW/jMInWDK2m23G/I9UzAg=
6,114,cnK6rF9VUYJwyziK27V3ZwXURIQ=,JmV8hLW/jMInWDK2m23G/I9UzAg=
5,114,cnK6rF9VUYJwyziK27V3ZwXURIQ=,JmV8hLW/jMInWDK2m23G/I9UzAg=
4,114,cnK6rF9VUYJwyziK27V3ZwXURIQ=,JmV8hLW/jMInWDK2m23G/I9UzAg=
3,114,cnK6rF9VUYJwyziK27V3ZwXURIQ=,JmV8hLW/jMInWDK2m23G/I9UzAg=
1,114,cnK6rF9VUYJwyziK27V3ZwXURIQ=,JmV8hLW/jMInWDK2m23G/I9UzAg=
2,114,cnK6rF9VUYJwyziK27V3ZwXURIQ=,JmV8hLW/jMInWDK2m23G/I9UzAg=
0,114,cnK6rF9VUYJwyziK27V3ZwXURIQ=,JmV8hLW/jMInWDK2m23G/I9UzAg=
2,112,cnK6rF9VUYJwyziK27V3ZwXURIQ=,JmV8hLW/jMInWDK2m23G/I9UzAg=
3,127,cnK6rF9VUYJwyziK27V3ZwXURIQ=,JmV8hLW/jMInWDK2m23G/I9UzAg=
2,127,cnK6rF9VUYJwyziK27V3ZwXURIQ=,JmV8hLW/jMInWDK2m23G/I9UzAg=
12,127,cnK6rF9VUYJwyziK27V3ZwXURIQ=,JmV8hLW/jMInWDK2m23G/I9UzAg=
1,127,cnK6rF9VUYJwyziK27V3ZwXURIQ=,JmV8hLW/jMInWDK2m23G/I9UzAg=
7,114,cnK6rF9VUYJwyziK27V3ZwXURIQ=,JmV8hLW/jMInWDK2m23G/I9UzAg=
0,127,cnK6rF9VUYJwyziK27V3ZwXURIQ=,JmV8hLW/jMInWDK2m23G/I9UzAg=
8,114,cnK6rF9VUYJwyziK27V3ZwXURIQ=,JmV8hLW/jMInWDK2m23G/I9UzAg=
12,114,cnK6rF9VUYJwyziK27V3ZwXURIQ=,JmV8hLW/jMInWDK2m23G/I9UzAg=
10,114,cnK6rF9VUYJwyziK27V3ZwXURIQ=,JmV8hLW/jMInWDK2m23G/I9UzAg=
12,126,cnK6rF9VUYJwyziK27V3ZwXURIQ=,JmV8hLW/jMInWDK2m23G/I9UzAg=
11,126,cnK6rF9VUYJwyziK27V3ZwXURIQ=,JmV8hLW/jMInWDK2m23G/I9UzAg=
10,126,cnK6rF9VUYJwyziK27V3ZwXURIQ=,JmV8hLW/jMInWDK2m23G/I9UzAg=
9,126,cnK6rF9VUYJwyziK27V3ZwXURIQ=,JmV8hLW/jMInWDK2m23G/I9UzAg=
7,126,cnK6rF9VUYJwyziK27V3ZwXURIQ=,JmV8hLW/jMInWDK2m23G/I9UzAg=
8,126,cnK6rF9VUYJwyziK27V3ZwXURIQ=,JmV8hLW/jMInWDK2m23G/I9UzAg=
4,126,cnK6rF9VUYJwyziK27V3ZwXURIQ=,JmV8hLW/jMInWDK2m23G/I9UzAg=
3,126,cnK6rF9VUYJwyziK27V3ZwXURIQ=,JmV8hLW/jMInWDK2m23G/I9UzAg=
2,126,cnK6rF9VUYJwyziK27V3ZwXURIQ=,JmV8hLW/jMInWDK2m23G/I9UzAg=
0,113,cnK6rF9VUYJwyziK27V3ZwXURIQ=,JmV8hLW/jMInWDK2m23G/I9UzAg=
11,114,cnK6rF9VUYJwyziK27V3ZwXURIQ=,JmV8hLW/jMInWDK2m23G/I9UzAg=
5,126,cnK6rF9VUYJwyziK27V3ZwXURIQ=,JmV8hLW/jMInWDK2m23G/I9UzAg=
1,113,cnK6rF9VUYJwyziK27V3ZwXURIQ=,JmV8hLW/jMInWDK2m23G/I9UzAg=
13,127,cnK6rF9VUYJwyziK27V3ZwXURIQ=,JmV8hLW/jMInWDK2m23G/I9UzAg=
0,126,cnK6rF9VUYJwyziK27V3ZwXURIQ=,JmV8hLW/jMInWDK2m23G/I9UzAg=
1,126,cnK6rF9VUYJwyziK27V3ZwXURIQ=,JmV8hLW/jMInWDK2m23G/I9UzAg=
10,115,cnK6rF9VUYJwyziK27V3ZwXURIQ=,JmV8hLW/jMInWDK2m23G/I9UzAg=
1,112,cnK6rF9VUYJwyziK27V3ZwXURIQ=,JmV8hLW/jMInWDK2m23G/I9UzAg=
11,115,cnK6rF9VUYJwyziK27V3ZwXURIQ=,JmV8hLW/jMInWDK2m23G/I9UzAg=
13,114,cnK6rF9VUYJwyziK27V3ZwXURIQ=,JmV8hLW/jMInWDK2m23G/I9UzAg=
10,125,cnK6rF9VUYJwyziK27V3ZwXURIQ=,JmV8hLW/jMInWDK2m23G/I9UzAg=
9,125,cnK6rF9VUYJwyziK27V3ZwXURIQ=,JmV8hLW/jMInWDK2m23G/I9UzAg=
8,125,cnK6rF9VUYJwyziK27V3ZwXURIQ=,JmV8hLW/jMInWDK2m23G/I9UzAg=
7,125,cnK6rF9VUYJwyziK27V3ZwXURIQ=,JmV8hLW/jMInWDK2m23G/I9UzAg=
6,125,cnK6rF9VUYJwyziK27V3ZwXURIQ=,JmV8hLW/jMInWDK2m23G/I9UzAg=
5,125,cnK6rF9VUYJwyziK27V3ZwXURIQ=,JmV8hLW/jMInWDK2m23G/I9UzAg=
4,125,cnK6rF9VUYJwyziK27V3ZwXURIQ=,JmV8hLW/jMInWDK2m23G/I9UzAg=
15,113,cnK6rF9VUYJwyziK27V3ZwXURIQ=,JmV8hLW/jMInWDK2m23G/I9UzAg=
3,125,cnK6rF9VUYJwyziK27V3ZwXURIQ=,JmV8hLW/jMInWDK2m23G/I9UzAg=
14,127,cnK6rF9VUYJwyziK27V3ZwXURIQ=,JmV8hLW/jMInWDK2m23G/I9UzAg=
11,125,cnK6rF9VUYJwyziK27V3ZwXURIQ=,JmV8hLW/jMInWDK2m23G/I9UzAg=
2,125,cnK6rF9VUYJwyziK27V3ZwXURIQ=,JmV8hLW/jMInWDK2m23G/I9UzAg=
1,125,cnK6rF9VUYJwyziK27V3ZwXURIQ=,JmV8hLW/jMInWDK2m23G/I9UzAg=
0,125,cnK6rF9VUYJwyziK27V3ZwXURIQ=,JmV8hLW/jMInWDK2m23G/I9UzAg=
13,126,cnK6rF9VUYJwyziK27V3ZwXURIQ=,JmV8hLW/jMInWDK2m23G/I9UzAg=
15,126,cnK6rF9VUYJwyziK27V3ZwXURIQ=,JmV8hLW/jMInWDK2m23G/I9UzAg=
14,126,cnK6rF9VUYJwyziK27V3ZwXURIQ=,JmV8hLW/jMInWDK2m23G/I9UzAg=
8,115,cnK6rF9VUYJwyziK27V3ZwXURIQ=,JmV8hLW/jMInWDK2m23G/I9UzAg=
14,113,cnK6rF9VUYJwyziK27V3ZwXURIQ=,JmV8hLW/jMInWDK2m23G/I9UzAg=
12,113,cnK6rF9VUYJwyziK27V3ZwXURIQ=,JmV8hLW/jMInWDK2m23G/I9UzAg=
9,115,cnK6rF9VUYJwyziK27V3ZwXURIQ=,JmV8hLW/jMInWDK2m23G/I9UzAg=
10,124,cnK6rF9VUYJwyziK27V3ZwXURIQ=,JmV8hLW/jMInWDK2m23G/I9UzAg=
9,124,cnK6rF9VUYJwyziK27V3ZwXURIQ=,JmV8hLW/jMInWDK2m23G/I9UzAg=
8,124,cnK6rF9VUYJwyziK27V3ZwXURIQ=,JmV8hLW/jMInWDK2m23G/I9UzAg=
7,124,cnK6rF9VUYJwyziK27V3ZwXURIQ=,JmV8hLW/jMInWDK2m23G/I9UzAg=
6,124,cnK6rF9VUYJwyziK27V3ZwXURIQ=,JmV8hLW/jMInWDK2m23G/I9UzAg=
5,124,cnK6rF9VUYJwyziK27V3ZwXURIQ=,JmV8hLW/jMInWDK2m23G/I9UzAg=
4,124,cnK6rF9VUYJwyziK27V3ZwXURIQ=,JmV8hLW/jMInWDK2m23G/I9UzAg=
12,115,cnK6rF9VUYJwyziK27V3ZwXURIQ=,JmV8hLW/jMInWDK2m23G/I9UzAg=
6,126,cnK6rF9VUYJwyziK27V3ZwXURIQ=,JmV8hLW/jMInWDK2m23G/I9UzAg=
7,115,cnK6rF9VUYJwyziK27V3ZwXURIQ=,JmV8hLW/jMInWDK2m23G/I9UzAg=
3,124,cnK6rF9VUYJwyziK27V3ZwXURIQ=,JmV8hLW/jMInWDK2m23G/I9UzAg=
2,124,cnK6rF9VUYJwyziK27V3ZwXURIQ=,JmV8hLW/jMInWDK2m23G/I9UzAg=
1,124,cnK6rF9VUYJwyziK27V3ZwXURIQ=,JmV8hLW/jMInWDK2m23G/I9UzAg=
0,124,cnK6rF9VUYJwyziK27V3ZwXURIQ=,JmV8hLW/jMInWDK2m23G/I9UzAg=
15,124,cnK6rF9VUYJwyziK27V3ZwXURIQ=,JmV8hLW/jMInWDK2m23G/I9UzAg=
15,125,cnK6rF9VUYJwyziK27V3ZwXURIQ=,JmV8hLW/jMInWDK2m23G/I9UzAg=
13,113,cnK6rF9VUYJwyziK27V3ZwXURIQ=,JmV8hLW/jMInWDK2m23G/I9UzAg=
14,124,cnK6rF9VUYJwyziK27V3ZwXURIQ=,JmV8hLW/jMInWDK2m23G/I9UzAg=
14,125,cnK6rF9VUYJwyziK27V3ZwXURIQ=,JmV8hLW/jMInWDK2m23G/I9UzAg=
12,125,cnK6rF9VUYJwyziK27V3ZwXURIQ=,JmV8hLW/jMInWDK2m23G/I9UzAg=
8,123,cnK6rF9VUYJwyziK27V3ZwXURIQ=,JmV8hLW/jMInWDK2m23G/I9UzAg=
15,123,cnK6rF9VUYJwyziK27V3ZwXURIQ=,JmV8hLW/jMInWDK2m23G/I9UzAg=
7,123,cnK6rF9VUYJwyziK27V3ZwXURIQ=,JmV8hLW/jMInWDK2m23G/I9UzAg=
9,123,cnK6rF9VUYJwyziK27V3ZwXURIQ=,JmV8hLW/jMInWDK2m23G/I9UzAg=
6,123,cnK6rF9VUYJwyziK27V3ZwXURIQ=,JmV8hLW/jMInWDK2m23G/I9UzAg=
5,123,cnK6rF9VUYJwyziK27V3ZwXURIQ=,JmV8hLW/jMInWDK2m23G/I9UzAg=
10,123,cnK6rF9VUYJwyziK27V3ZwXURIQ=,JmV8hLW/jMInWDK2m23G/I9UzAg=
6,115,cnK6rF9VUYJwyziK27V3ZwXURIQ=,JmV8hLW/jMInWDK2m23G/I9UzAg=
4,123,cnK6rF9VUYJwyziK27V3ZwXURIQ=,JmV8hLW/jMInWDK2m23G/I9UzAg=
3,123,cnK6rF9VUYJwyziK27V3ZwXURIQ=,JmV8hLW/jMInWDK2m23G/I9UzAg=
2,123,cnK6rF9VUYJwyziK27V3ZwXURIQ=,JmV8hLW/jMInWDK2m23G/I9UzAg=
1,123,cnK6rF9VUYJwyziK27V3ZwXURIQ=,JmV8hLW/jMInWDK2m23G/I9UzAg=
0,123,cnK6rF9VUYJwyziK27V3ZwXURIQ=,JmV8hLW/jMInWDK2m23G/I9UzAg=
11,124,cnK6rF9VUYJwyziK27V3ZwXURIQ=,JmV8hLW/jMInWDK2m23G/I9UzAg=
11,113,cnK6rF9VUYJwyziK27V3ZwXURIQ=,JmV8hLW/jMInWDK2m23G/I9UzAg=
12,123,cnK6rF9VUYJwyziK27V3ZwXURIQ=,JmV8hLW/jMInWDK2m23G/I9UzAg=
11,123,cnK6rF9VUYJwyziK27V3ZwXURIQ=,JmV8hLW/jMInWDK2m23G/I9UzAg=
13,123,cnK6rF9VUYJwyziK27V3ZwXURIQ=,JmV8hLW/jMInWDK2m23G/I9UzAg=
12,124,cnK6rF9VUYJwyziK27V3ZwXURIQ=,JmV8hLW/jMInWDK2m23G/I9UzAg=
15,112,cnK6rF9VUYJwyziK27V3ZwXURIQ=,JmV8hLW/jMInWDK2m23G/I9UzAg=
13,125,cnK6rF9VUYJwyziK27V3ZwXURIQ=,JmV8hLW/jMInWDK2m23G/I9UzAg=
9,122,cnK6rF9VUYJwyziK27V3ZwXURIQ=,JmV8hLW/jMInWDK2m23G/I9UzAg=
8,122,cnK6rF9VUYJwyziK27V3ZwXURIQ=,JmV8hLW/jMInWDK2m23G/I9UzAg=
7,122,cnK6rF9VUYJwyziK27V3ZwXURIQ=,JmV8hLW/jMInWDK2m23G/I9UzAg=
6,122,cnK6rF9VUYJwyziK27V3ZwXURIQ=,JmV8hLW/jMInWDK2m23G/I9UzAg=
5,115,cnK6rF9VUYJwyziK27V3ZwXURIQ=,JmV8hLW/jMInWDK2m23G/I9UzAg=
5,122,cnK6rF9VUYJwyziK27V3ZwXURIQ=,JmV8hLW/jMInWDK2m23G/I9UzAg=
4,122,cnK6rF9VUYJwyziK27V3ZwXURIQ=,JmV8hLW/jMInWDK2m23G/I9UzAg=
15,122,cnK6rF9VUYJwyziK27V3ZwXURIQ=,JmV8hLW/jMInWDK2m23G/I9UzAg=
3,122,cnK6rF9VUYJwyziK27V3ZwXURIQ=,JmV8hLW/jMInWDK2m23G/I9UzAg=
2,122,cnK6rF9VUYJwyziK27V3ZwXURIQ=,JmV8hLW/jMInWDK2m23G/I9UzAg=
1,122,cnK6rF9VUYJwyziK27V3ZwXURIQ=,JmV8hLW/jMInWDK2m23G/I9UzAg=
0,122,cnK6rF9VUYJwyziK27V3ZwXURIQ=,JmV8hLW/jMInWDK2m23G/I9UzAg=
13,112,cnK6rF9VUYJwyziK27V3ZwXURIQ=,JmV8hLW/jMInWDK2m23G/I9UzAg=
11,122,cnK6rF9VUYJwyziK27V3ZwXURIQ=,JmV8hLW/jMInWDK2m23G/I9UzAg=
10,122,cnK6rF9VUYJwyziK27V3ZwXURIQ=,JmV8hLW/jMInWDK2m23G/I9UzAg=
12,122,cnK6rF9VUYJwyziK27V3ZwXURIQ=,JmV8hLW/jMInWDK2m23G/I9UzAg=
12,112,cnK6rF9VUYJwyziK27V3ZwXURIQ=,JmV8hLW/jMInWDK2m23G/I9UzAg=
14,123,cnK6rF9VUYJwyziK27V3ZwXURIQ=,JmV8hLW/jMInWDK2m23G/I9UzAg=
8,121,cnK6rF9VUYJwyziK27V3ZwXURIQ=,JmV8hLW/jMInWDK2m23G/I9UzAg=
7,121,cnK6rF9VUYJwyziK27V3ZwXURIQ=,JmV8hLW/jMInWDK2m23G/I9UzAg=
14,114,cnK6rF9VUYJwyziK27V3ZwXURIQ=,JmV8hLW/jMInWDK2m23G/I9UzAg=
4,112,cnK6rF9VUYJwyziK27V3ZwXURIQ=,JmV8hLW/jMInWDK2m23G/I9UzAg=
13,124,cnK6rF9VUYJwyziK27V3ZwXURIQ=,JmV8hLW/jMInWDK2m23G/I9UzAg=
10,113,cnK6rF9VUYJwyziK27V3ZwXURIQ=,JmV8hLW/jMInWDK2m23G/I9UzAg=
4,115,cnK6rF9VUYJwyziK27V3ZwXURIQ=,JmV8hLW/jMInWDK2m23G/I9UzAg=
6,121,cnK6rF9VUYJwyziK27V3ZwXURIQ=,JmV8hLW/jMInWDK2m23G/I9UzAg=
3,121,cnK6rF9VUYJwyziK27V3ZwXURIQ=,JmV8hLW/jMInWDK2m23G/I9UzAg=
4,121,cnK6rF9VUYJwyziK27V3ZwXURIQ=,JmV8hLW/jMInWDK2m23G/I9UzAg=
5,121,cnK6rF9VUYJwyziK27V3ZwXURIQ=,JmV8hLW/jMInWDK2m23G/I9UzAg=
2,121,cnK6rF9VUYJwyziK27V3ZwXURIQ=,JmV8hLW/jMInWDK2m23G/I9UzAg=
1,121,cnK6rF9VUYJwyziK27V3ZwXURIQ=,JmV8hLW/jMInWDK2m23G/I9UzAg=
0,121,cnK6rF9VUYJwyziK27V3ZwXURIQ=,JmV8hLW/jMInWDK2m23G/I9UzAg=
14,121,cnK6rF9VUYJwyziK27V3ZwXURIQ=,JmV8hLW/jMInWDK2m23G/I9UzAg=
9,113,cnK6rF9VUYJwyziK27V3ZwXURIQ=,JmV8hLW/jMInWDK2m23G/I9UzAg=
13,121,cnK6rF9VUYJwyziK27V3ZwXURIQ=,JmV8hLW/jMInWDK2m23G/I9UzAg=
9,121,cnK6rF9VUYJwyziK27V3ZwXURIQ=,JmV8hLW/jMInWDK2m23G/I9UzAg=
15,121,cnK6rF9VUYJwyziK27V3ZwXURIQ=,JmV8hLW/jMInWDK2m23G/I9UzAg=
12,121,cnK6rF9VUYJwyziK27V3ZwXURIQ=,JmV8hLW/jMInWDK2m23G/I9UzAg=
14,122,cnK6rF9VUYJwyziK27V3ZwXURIQ=,JmV8hLW/jMInWDK2m23G/I9UzAg=
13,122,cnK6rF9VUYJwyziK27V3ZwXURIQ=,JmV8hLW/jMInWDK2m23G/I9UzAg=
10,121,cnK6rF9VUYJwyziK27V3ZwXURIQ=,JmV8hLW/jMInWDK2m23G/I9UzAg=
11,121,cnK6rF9VUYJwyziK27V3ZwXURIQ=,JmV8hLW/jMInWDK2m23G/I9UzAg=
3,115,cnK6rF9VUYJwyziK27V3ZwXURIQ=,JmV8hLW/jMInWDK2m23G/I9UzAg=
7,120,cnK6rF9VUYJwyziK27V3ZwXURIQ=,JmV8hLW/jMInWDK2m23G/I9UzAg=
6,120,cnK6rF9VUYJwyziK27V3ZwXURIQ=,JmV8hLW/jMInWDK2m23G/I9UzAg=
5,120,cnK6rF9VUYJwyziK27V3ZwXURIQ=,JmV8hLW/jMInWDK2m23G/I9UzAg=
8,120,cnK6rF9VUYJwyziK27V3ZwXURIQ=,JmV8hLW/jMInWDK2m23G/I9UzAg=
4,120,cnK6rF9VUYJwyziK27V3ZwXURIQ=,JmV8hLW/jMInWDK2m23G/I9UzAg=
3,120,cnK6rF9VUYJwyziK27V3ZwXURIQ=,JmV8hLW/jMInWDK2m23G/I9UzAg=
2,120,cnK6rF9VUYJwyziK27V3ZwXURIQ=,JmV8hLW/jMInWDK2m23G/I9UzAg=
1,120,cnK6rF9VUYJwyziK27V3ZwXURIQ=,JmV8hLW/jMInWDK2m23G/I9UzAg=
0,120,cnK6rF9VUYJwyziK27V3ZwXURIQ=,JmV8hLW/jMInWDK2m23G/I9UzAg=
10,112,cnK6rF9VUYJwyziK27V3ZwXURIQ=,JmV8hLW/jMInWDK2m23G/I9UzAg=
12,120,cnK6rF9VUYJwyziK27V3ZwXURIQ=,JmV8hLW/jMInWDK2m23G/I9UzAg=
11,112,cnK6rF9VUYJwyziK27V3ZwXURIQ=,JmV8hLW/jMInWDK2m23G/I9UzAg=
9,120,cnK6rF9VUYJwyziK27V3ZwXURIQ=,JmV8hLW/jMInWDK2m23G/I9UzAg=
7,113,cnK6rF9VUYJwyziK27V3ZwXURIQ=,JmV8hLW/jMInWDK2m23G/I9UzAg=
11,120,cnK6rF9VUYJwyziK27V3ZwXURIQ=,JmV8hLW/jMInWDK2m23G/I9UzAg=
15,127,cnK6rF9VUYJwyziK27V3ZwXURIQ=,JmV8hLW/jMInWDK2m23G/I9UzAg=
13,115,cnK6rF9VUYJwyziK27V3ZwXURIQ=,JmV8hLW/jMInWDK2m23G/I9UzAg=
13,120,cnK6rF9VUYJwyziK27V3ZwXURIQ=,JmV8hLW/jMInWDK2m23G/I9UzAg=
2,115,cnK6rF9VUYJwyziK27V3ZwXURIQ=,JmV8hLW/jMInWDK2m23G/I9UzAg=
9,119,cnK6rF9VUYJwyziK27V3ZwXURIQ=,JmV8hLW/jMInWDK2m23G/I9UzAg=
15,120,cnK6rF9VUYJwyziK27V3ZwXURIQ=,JmV8hLW/jMInWDK2m23G/I9UzAg=
6,119,cnK6rF9VUYJwyziK27V3ZwXURIQ=,JmV8hLW/jMInWDK2m23G/I9UzAg=
5,119,cnK6rF9VUYJwyziK27V3ZwXURIQ=,JmV8hLW/jMInWDK2m23G/I9UzAg=
10,120,cnK6rF9VUYJwyziK27V3ZwXURIQ=,JmV8hLW/jMInWDK2m23G/I9UzAg=
4,119,cnK6rF9VUYJwyziK27V3ZwXURIQ=,JmV8hLW/jMInWDK2m23G/I9UzAg=
2,119,cnK6rF9VUYJwyziK27V3ZwXURIQ=,JmV8hLW/jMInWDK2m23G/I9UzAg=
7,119,cnK6rF9VUYJwyziK27V3ZwXURIQ=,JmV8hLW/jMInWDK2m23G/I9UzAg=
1,119,cnK6rF9VUYJwyziK27V3ZwXURIQ=,JmV8hLW/jMInWDK2m23G/I9UzAg=
6,113,cnK6rF9VUYJwyziK27V3ZwXURIQ=,JmV8hLW/jMInWDK2m23G/I9UzAg=
0,119,cnK6rF9VUYJwyziK27V3ZwXURIQ=,JmV8hLW/jMInWDK2m23G/I9UzAg=
3,119,cnK6rF9VUYJwyziK27V3ZwXURIQ=,JmV8hLW/jMInWDK2m23G/I9UzAg=
11,119,cnK6rF9VUYJwyziK27V3ZwXURIQ=,JmV8hLW/jMInWDK2m23G/I9UzAg=
9,112,cnK6rF9VUYJwyziK27V3ZwXURIQ=,JmV8hLW/jMInWDK2m23G/I9UzAg=
12,119,cnK6rF9VUYJwyziK27V3ZwXURIQ=,JmV8hLW/jMInWDK2m23G/I9UzAg=
14,119,cnK6rF9VUYJwyziK27V3ZwXURIQ=,JmV8hLW/jMInWDK2m23G/I9UzAg=
10,119,cnK6rF9VUYJwyziK27V3ZwXURIQ=,JmV8hLW/jMInWDK2m23G/I9UzAg=
14,115,cnK6rF9VUYJwyziK27V3ZwXURIQ=,JmV8hLW/jMInWDK2m23G/I9UzAg=
15,119,cnK6rF9VUYJwyziK27V3ZwXURIQ=,JmV8hLW/jMInWDK2m23G/I9UzAg=
1,115,cnK6rF9VUYJwyziK27V3ZwXURIQ=,JmV8hLW/jMInWDK2m23G/I9UzAg=
13,119,cnK6rF9VUYJwyziK27V3ZwXURIQ=,JmV8hLW/jMInWDK2m23G/I9UzAg=
8,119,cnK6rF9VUYJwyziK27V3ZwXURIQ=,JmV8hLW/jMInWDK2m23G/I9UzAg=
7,118,cnK6rF9VUYJwyziK27V3ZwXURIQ=,JmV8hLW/jMInWDK2m23G/I9UzAg=
5,118,cnK6rF9VUYJwyziK27V3ZwXURIQ=,JmV8hLW/jMInWDK2m23G/I9UzAg=
4,118,cnK6rF9VUYJwyziK27V3ZwXURIQ=,JmV8hLW/jMInWDK2m23G/I9UzAg=
6,118,cnK6rF9VUYJwyziK27V3ZwXURIQ=,JmV8hLW/jMInWDK2m23G/I9UzAg=
3,118,cnK6rF9VUYJwyziK27V3ZwXURIQ=,JmV8hLW/jMInWDK2m23G/I9UzAg=
2,118,cnK6rF9VUYJwyziK27V3ZwXURIQ=,JmV8hLW/jMInWDK2m23G/I9UzAg=
1,118,cnK6rF9VUYJwyziK27V3ZwXURIQ=,JmV8hLW/jMInWDK2m23G/I9UzAg=
0,118,cnK6rF9VUYJwyziK27V3ZwXURIQ=,JmV8hLW/jMInWDK2m23G/I9UzAg=
5,113,cnK6rF9VUYJwyziK27V3ZwXURIQ=,JmV8hLW/jMInWDK2m23G/I9UzAg=
14,118,cnK6rF9VUYJwyziK27V3ZwXURIQ=,JmV8hLW/jMInWDK2m23G/I9UzAg=
9,118,cnK6rF9VUYJwyziK27V3ZwXURIQ=,JmV8hLW/jMInWDK2m23G/I9UzAg=
8,112,cnK6rF9VUYJwyziK27V3ZwXURIQ=,JmV8hLW/jMInWDK2m23G/I9UzAg=
8,118,cnK6rF9VUYJwyziK27V3ZwXURIQ=,JmV8hLW/jMInWDK2m23G/I9UzAg=
7,112,cnK6rF9VUYJwyziK27V3ZwXURIQ=,JmV8hLW/jMInWDK2m23G/I9UzAg=
4,113,cnK6rF9VUYJwyziK27V3ZwXURIQ=,JmV8hLW/jMInWDK2m23G/I9UzAg=
0,115,cnK6rF9VUYJwyziK27V3ZwXURIQ=,JmV8hLW/jMInWDK2m23G/I9UzAg=
14,120,cnK6rF9VUYJwyziK27V3ZwXURIQ=,JmV8hLW/jMInWDK2m23G/I9UzAg=
15,118,cnK6rF9VUYJwyziK27V3ZwXURIQ=,JmV8hLW/jMInWDK2m23G/I9UzAg=
13,118,cnK6rF9VUYJwyziK27V3ZwXURIQ=,JmV8hLW/jMInWDK2m23G/I9UzAg=
12,118,cnK6rF9VUYJwyziK27V3ZwXURIQ=,JmV8hLW/jMInWDK2m23G/I9UzAg=
5,117,cnK6rF9VUYJwyziK27V3ZwXURIQ=,JmV8hLW/jMInWDK2m23G/I9UzAg=
6,117,cnK6rF9VUYJwyziK27V3ZwXURIQ=,JmV8hLW/jMInWDK2m23G/I9UzAg=
4,117,cnK6rF9VUYJwyziK27V3ZwXURIQ=,JmV8hLW/jMInWDK2m23G/I9UzAg=
3,117,cnK6rF9VUYJwyziK27V3ZwXURIQ=,JmV8hLW/jMInWDK2m23G/I9UzAg=
2,117,cnK6rF9VUYJwyziK27V3ZwXURIQ=,JmV8hLW/jMInWDK2m23G/I9UzAg=
3,113,cnK6rF9VUYJwyziK27V3ZwXURIQ=,JmV8hLW/jMInWDK2m23G/I9UzAg=
1,117,cnK6rF9VUYJwyziK27V3ZwXURIQ=,JmV8hLW/jMInWDK2m23G/I9UzAg=
0,117,cnK6rF9VUYJwyziK27V3ZwXURIQ=,JmV8hLW/jMInWDK2m23G/I9UzAg=
7,117,cnK6rF9VUYJwyziK27V3ZwXURIQ=,JmV8hLW/jMInWDK2m23G/I9UzAg=
14,112,cnK6rF9VUYJwyziK27V3ZwXURIQ=,JmV8hLW/jMInWDK2m23G/I9UzAg=
9,117,cnK6rF9VUYJwyziK27V3ZwXURIQ=,JmV8hLW/jMInWDK2m23G/I9UzAg=
8,117,cnK6rF9VUYJwyziK27V3ZwXURIQ=,JmV8hLW/jMInWDK2m23G/I9UzAg=
6,112,cnK6rF9VUYJwyziK27V3ZwXURIQ=,JmV8hLW/jMInWDK2m23G/I9UzAg=
8,113,cnK6rF9VUYJwyziK27V3ZwXURIQ=,JmV8hLW/jMInWDK2m23G/I9UzAg=
15,115,cnK6rF9VUYJwyziK27V3ZwXURIQ=,JmV8hLW/jMInWDK2m23G/I9UzAg=
5,112,cnK6rF9VUYJwyziK27V3ZwXURIQ=,JmV8hLW/jMInWDK2m23G/I9UzAg=
0,116,cnK6rF9VUYJwyziK27V3ZwXURIQ=,JmV8hLW/jMInWDK2m23G/I9UzAg=
2,113,cnK6rF9VUYJwyziK27V3ZwXURIQ=,JmV8hLW/jMInWDK2m23G/I9UzAg=
1,116,cnK6rF9VUYJwyziK27V3ZwXURIQ=,JmV8hLW/jMInWDK2m23G/I9UzAg=
2,116,cnK6rF9VUYJwyziK27V3ZwXURIQ=,JmV8hLW/jMInWDK2m23G/I9UzAg=
3,116,cnK6rF9VUYJwyziK27V3ZwXURIQ=,JmV8hLW/jMInWDK2m23G/I9UzAg=
4,116,cnK6rF9VUYJwyziK27V3ZwXURIQ=,JmV8hLW/jMInWDK2m23G/I9UzAg=
0,112,cnK6rF9VUYJwyziK27V3ZwXURIQ=,JmV8hLW/jMInWDK2m23G/I9UzAg=
5,116,cnK6rF9VUYJwyziK27V3ZwXURIQ=,JmV8hLW/jMInWDK2m23G/I9UzAg=
6,116,cnK6rF9VUYJwyziK27V3ZwXURIQ=,JmV8hLW/jMInWDK2m23G/I9UzAg=
15,117,cnK6rF9VUYJwyziK27V3ZwXURIQ=,JmV8hLW/jMInWDK2m23G/I9UzAg=
14,117,cnK6rF9VUYJwyziK27V3ZwXURIQ=,JmV8hLW/jMInWDK2m23G/I9UzAg=
7,116,cnK6rF9VUYJwyziK27V3ZwXURIQ=,JmV8hLW/jMInWDK2m23G/I9UzAg=
13,117,cnK6rF9VUYJwyziK27V3ZwXURIQ=,JmV8hLW/jMInWDK2m23G/I9UzAg=
8,116,cnK6rF9VUYJwyziK27V3ZwXURIQ=,JmV8hLW/jMInWDK2m23G/I9UzAg=
9,116,cnK6rF9VUYJwyziK27V3ZwXURIQ=,JmV8hLW/jMInWDK2m23G/I9UzAg=
10,118,cnK6rF9VUYJwyziK27V3ZwXURIQ=,JmV8hLW/jMInWDK2m23G/I9UzAg=
10,117,cnK6rF9VUYJwyziK27V3ZwXURIQ=,JmV8hLW/jMInWDK2m23G/I9UzAg=
11,116,cnK6rF9VUYJwyziK27V3ZwXURIQ=,JmV8hLW/jMInWDK2m23G/I9UzAg=
15,116,cnK6rF9VUYJwyziK27V3ZwXURIQ=,JmV8hLW/jMInWDK2m23G/I9UzAg=
13,116,cnK6rF9VUYJwyziK27V3ZwXURIQ=,JmV8hLW/jMInWDK2m23G/I9UzAg=
11,118,cnK6rF9VUYJwyziK27V3ZwXURIQ=,JmV8hLW/jMInWDK2m23G/I9UzAg=
12,116,cnK6rF9VUYJwyziK27V3ZwXURIQ=,JmV8hLW/jMInWDK2m23G/I9UzAg=
14,116,cnK6rF9VUYJwyziK27V3ZwXURIQ=,JmV8hLW/jMInWDK2m23G/I9UzAg=
11,117,cnK6rF9VUYJwyziK27V3ZwXURIQ=,JmV8hLW/jMInWDK2m23G/I9UzAg=
10,116,cnK6rF9VUYJwyziK27V3ZwXURIQ=,JmV8hLW/jMInWDK2m23G/I9UzAg=
12,117,cnK6rF9VUYJwyziK27V3ZwXURIQ=,JmV8hLW/jMInWDK2m23G/I9UzAg=
15,114,cnK6rF9VUYJwyziK27V3ZwXURIQ=,JmV8hLW/jMInWDK2m23G/I9UzAg=
26,127,+gxF4SA9rKnEmN7sWojec0pfbAo=,sXk2hYvIp8cegv8IxeInaMITqhI=
29,127,+gxF4SA9rKnEmN7sWojec0pfbAo=,sXk2hYvIp8cegv8IxeInaMITqhI=
27,127,+gxF4SA9rKnEmN7sWojec0pfbAo=,sXk2hYvIp8cegv8IxeInaMITqhI=
31,127,+gxF4SA9rKnEmN7sWojec0pfbAo=,sXk2hYvIp8cegv8IxeInaMITqhI=
30,127,+gxF4SA9rKnEmN7sWojec0pfbAo=,sXk2hYvIp8cegv8IxeInaMITqhI=
25,127,+gxF4SA9rKnEmN7sWojec0pfbAo=,sXk2hYvIp8cegv8IxeInaMITqhI=
22,127,+gxF4SA9rKnEmN7sWojec0pfbAo=,sXk2hYvIp8cegv8IxeInaMITqhI=
21,127,+gxF4SA9rKnEmN7sWojec0pfbAo=,sXk2hYvIp8cegv8IxeInaMITqhI=
23,127,+gxF4SA9rKnEmN7sWojec0pfbAo=,sXk2hYvIp8cegv8IxeInaMITqhI=
20,127,+gxF4SA9rKnEmN7sWojec0pfbAo=,sXk2hYvIp8cegv8IxeInaMITqhI=
19,112,+gxF4SA9rKnEmN7sWojec0pfbAo=,sXk2hYvIp8cegv8IxeInaMITqhI=
28,127,+gxF4SA9rKnEmN7sWojec0pfbAo=,sXk2hYvIp8cegv8IxeInaMITqhI=
30,114,+gxF4SA9rKnEmN7sWojec0pfbAo=,sXk2hYvIp8cegv8IxeInaMITqhI=
29,114,+gxF4SA9rKnEmN7sWojec0pfbAo=,sXk2hYvIp8cegv8IxeInaMITqhI=
19,127,+gxF4SA9rKnEmN7sWojec0pfbAo=,sXk2hYvIp8cegv8IxeInaMITqhI=
17,113,+gxF4SA9rKnEmN7sWojec0pfbAo=,sXk2hYvIp8cegv8IxeInaMITqhI=
17,127,+gxF4SA9rKnEmN7sWojec0pfbAo=,sXk2hYvIp8cegv8IxeInaMITqhI=
18,127,+gxF4SA9rKnEmN7sWojec0pfbAo=,sXk2hYvIp8cegv8IxeInaMITqhI=
31,113,+gxF4SA9rKnEmN7sWojec0pfbAo=,sXk2hYvIp8cegv8IxeInaMITqhI=
29,113,+gxF4SA9rKnEmN7sWojec0pfbAo=,sXk2hYvIp8cegv8IxeInaMITqhI=
27,113,+gxF4SA9rKnEmN7sWojec0pfbAo=,sXk2hYvIp8cegv8IxeInaMITqhI=
25,113,+gxF4SA9rKnEmN7sWojec0pfbAo=,sXk2hYvIp8cegv8IxeInaMITqhI=
30,113,+gxF4SA9rKnEmN7sWojec0pfbAo=,sXk2hYvIp8cegv8IxeInaMITqhI=
26,113,+gxF4SA9rKnEmN7sWojec0pfbAo=,sXk2hYvIp8cegv8IxeInaMITqhI=
28,113,+gxF4SA9rKnEmN7sWojec0pfbAo=,sXk2hYvIp8cegv8IxeInaMITqhI=
23,113,+gxF4SA9rKnEmN7sWojec0pfbAo=,sXk2hYvIp8cegv8IxeInaMITqhI=
22,113,+gxF4SA9rKnEmN7sWojec0pfbAo=,sXk2hYvIp8cegv8IxeInaMITqhI=
16,127,+gxF4SA9rKnEmN7sWojec0pfbAo=,sXk2hYvIp8cegv8IxeInaMITqhI=
24,127,+gxF4SA9rKnEmN7sWojec0pfbAo=,sXk2hYvIp8cegv8IxeInaMITqhI=
31,126,+gxF4SA9rKnEmN7sWojec0pfbAo=,sXk2hYvIp8cegv8IxeInaMITqhI=
29,126,+gxF4SA9rKnEmN7sWojec0pfbAo=,sXk2hYvIp8cegv8IxeInaMITqhI=
18,113,+gxF4SA9rKnEmN7sWojec0pfbAo=,sXk2hYvIp8cegv8IxeInaMITqhI=
21,113,+gxF4SA9rKnEmN7sWojec0pfbAo=,sXk2hYvIp8cegv8IxeInaMITqhI=
20,113,+gxF4SA9rKnEmN7sWojec0pfbAo=,sXk2hYvIp8cegv8IxeInaMITqhI=
19,113,+gxF4SA9rKnEmN7sWojec0pfbAo=,sXk2hYvIp8cegv8IxeInaMITqhI=
24,113,+gxF4SA9rKnEmN7sWojec0pfbAo=,sXk2hYvIp8cegv8IxeInaMITqhI=
30,126,+gxF4SA9rKnEmN7sWojec0pfbAo=,sXk2hYvIp8cegv8IxeInaMITqhI=
28,126,+gxF4SA9rKnEmN7sWojec0pfbAo=,sXk2hYvIp8cegv8IxeInaMITqhI=
18,112,+gxF4SA9rKnEmN7sWojec0pfbAo=,sXk2hYvIp8cegv8IxeInaMITqhI=
23,126,+gxF4SA9rKnEmN7sWojec0pfbAo=,sXk2hYvIp8cegv8IxeInaMITqhI=
24,126,+gxF4SA9rKnEmN7sWojec0pfbAo=,sXk2hYvIp8cegv8IxeInaMITqhI=
28,114,+gxF4SA9rKnEmN7sWojec0pfbAo=,sXk2hYvIp8cegv8IxeInaMITqhI=
22,126,+gxF4SA9rKnEmN7sWojec0pfbAo=,sXk2hYvIp8cegv8IxeInaMITqhI=
26,126,+gxF4SA9rKnEmN7sWojec0pfbAo=,sXk2hYvIp8cegv8IxeInaMITqhI=
16,113,+gxF4SA9rKnEmN7sWojec0pfbAo=,sXk2hYvIp8cegv8IxeInaMITqhI=
19,126,+gxF4SA9rKnEmN7sWojec0pfbAo=,sXk2hYvIp8cegv8IxeInaMITqhI=
20,126,+gxF4SA9rKnEmN7sWojec0pfbAo=,sXk2hYvIp8cegv8IxeInaMITqhI=
31,125,+gxF4SA9rKnEmN7sWojec0pfbAo=,sXk2hYvIp8cegv8IxeInaMITqhI=
16,126,+gxF4SA9rKnEmN7sWojec0pfbAo=,sXk2hYvIp8cegv8IxeInaMITqhI=
17,126,+gxF4SA9rKnEmN7sWojec0pfbAo=,sXk2hYvIp8cegv8IxeInaMITqhI=
25,126,+gxF4SA9rKnEmN7sWojec0pfbAo=,sXk2hYvIp8cegv8IxeInaMITqhI=
18,126,+gxF4SA9rKnEmN7sWojec0pfbAo=,sXk2hYvIp8cegv8IxeInaMITqhI=
30,125,+gxF4SA9rKnEmN7sWojec0pfbAo=,sXk2hYvIp8cegv8IxeInaMITqhI=
28,125,+gxF4SA9rKnEmN7sWojec0pfbAo=,sXk2hYvIp8cegv8IxeInaMITqhI=
29,125,+gxF4SA9rKnEmN7sWojec0pfbAo=,sXk2hYvIp8cegv8IxeInaMITqhI=
24,125,+gxF4SA9rKnEmN7sWojec0pfbAo=,sXk2hYvIp8cegv8IxeInaMITqhI=
31,112,+gxF4SA9rKnEmN7sWojec0pfbAo=,sXk2hYvIp8cegv8IxeInaMITqhI=
25,125,+gxF4SA9rKnEmN7sWojec0pfbAo=,sXk2hYvIp8cegv8IxeInaMITqhI=
22,125,+gxF4SA9rKnEmN7sWojec0pfbAo=,sXk2hYvIp8cegv8IxeInaMITqhI=
23,125,+gxF4SA9rKnEmN7sWojec0pfbAo=,sXk2hYvIp8cegv8IxeInaMITqhI=
27,126,+gxF4SA9rKnEmN7sWojec0pfbAo=,sXk2hYvIp8cegv8IxeInaMITqhI=
26,125,+gxF4SA9rKnEmN7sWojec0pfbAo=,sXk2hYvIp8cegv8IxeInaMITqhI=
27,125,+gxF4SA9rKnEmN7sWojec0pfbAo=,sXk2hYvIp8cegv8IxeInaMITqhI=
21,126,+gxF4SA9rKnEmN7sWojec0pfbAo=,sXk2hYvIp8cegv8IxeInaMITqhI=
31,124,+gxF4SA9rKnEmN7sWojec0pfbAo=,sXk2hYvIp8cegv8IxeInaMITqhI=
27,114,+gxF4SA9rKnEmN7sWojec0pfbAo=,sXk2hYvIp8cegv8IxeInaMITqhI=
28,124,+gxF4SA9rKnEmN7sWojec0pfbAo=,sXk2hYvIp8cegv8IxeInaMITqhI=
16,125,+gxF4SA9rKnEmN7sWojec0pfbAo=,sXk2hYvIp8cegv8IxeInaMITqhI=
19,125,+gxF4SA9rKnEmN7sWojec0pfbAo=,sXk2hYvIp8cegv8IxeInaMITqhI=
17,125,+gxF4SA9rKnEmN7sWojec0pfbAo=,sXk2hYvIp8cegv8IxeInaMITqhI=
31,114,+gxF4SA9rKnEmN7sWojec0pfbAo=,sXk2hYvIp8cegv8IxeInaMITqhI=
18,125,+gxF4SA9rKnEmN7sWojec0pfbAo=,sXk2hYvIp8cegv8IxeInaMITqhI=
30,124,+gxF4SA9rKnEmN7sWojec0pfbAo=,sXk2hYvIp8cegv8IxeInaMITqhI=
25,124,+gxF4SA9rKnEmN7sWojec0pfbAo=,sXk2hYvIp8cegv8IxeInaMITqhI=
29,124,+gxF4SA9rKnEmN7sWojec0pfbAo=,sXk2hYvIp8cegv8IxeInaMITqhI=
24,124,+gxF4SA9rKnEmN7sWojec0pfbAo=,sXk2hYvIp8cegv8IxeInaMITqhI=
26,124,+gxF4SA9rKnEmN7sWojec0pfbAo=,sXk2hYvIp8cegv8IxeInaMITqhI=
21,125,+gxF4SA9rKnEmN7sWojec0pfbAo=,sXk2hYvIp8cegv8IxeInaMITqhI=
17,112,+gxF4SA9rKnEmN7sWojec0pfbAo=,sXk2hYvIp8cegv8IxeInaMITqhI=
27,124,+gxF4SA9rKnEmN7sWojec0pfbAo=,sXk2hYvIp8cegv8IxeInaMITqhI=
23,124,+gxF4SA9rKnEmN7sWojec0pfbAo=,sXk2hYvIp8cegv8IxeInaMITqhI=
20,125,+gxF4SA9rKnEmN7sWojec0pfbAo=,sXk2hYvIp8cegv8IxeInaMITqhI=
31,123,+gxF4SA9rKnEmN7sWojec0pfbAo=,sXk2hYvIp8cegv8IxeInaMITqhI=
16,115,+gxF4SA9rKnEmN7sWojec0pfbAo=,sXk2hYvIp8cegv8IxeInaMITqhI=
30,112,+gxF4SA9rKnEmN7sWojec0pfbAo=,sXk2hYvIp8cegv8IxeInaMITqhI=
22,124,+gxF4SA9rKnEmN7sWojec0pfbAo=,sXk2hYvIp8cegv8IxeInaMITqhI=
21,124,+gxF4SA9rKnEmN7sWojec0pfbAo=,sXk2hYvIp8cegv8IxeInaMITqhI=
29,123,+gxF4SA9rKnEmN7sWojec0pfbAo=,sXk2hYvIp8cegv8IxeInaMITqhI=
19,124,+gxF4SA9rKnEmN7sWojec0pfbAo=,sXk2hYvIp8cegv8IxeInaMITqhI=
20,124,+gxF4SA9rKnEmN7sWojec0pfbAo=,sXk2hYvIp8cegv8IxeInaMITqhI=
18,124,+gxF4SA9rKnEmN7sWojec0pfbAo=,sXk2hYvIp8cegv8IxeInaMITqhI=
16,124,+gxF4SA9rKnEmN7sWojec0pfbAo=,sXk2hYvIp8cegv8IxeInaMITqhI=
17,124,+gxF4SA9rKnEmN7sWojec0pfbAo=,sXk2hYvIp8cegv8IxeInaMITqhI=
28,123,+gxF4SA9rKnEmN7sWojec0pfbAo=,sXk2hYvIp8cegv8IxeInaMITqhI=
30,123,+gxF4SA9rKnEmN7sWojec0pfbAo=,sXk2hYvIp8cegv8IxeInaMITqhI=
29,112,+gxF4SA9rKnEmN7sWojec0pfbAo=,sXk2hYvIp8cegv8IxeInaMITqhI=
25,123,+gxF4SA9rKnEmN7sWojec0pfbAo=,sXk2hYvIp8cegv8IxeInaMITqhI=
27,123,+gxF4SA9rKnEmN7sWojec0pfbAo=,sXk2hYvIp8cegv8IxeInaMITqhI=
26,123,+gxF4SA9rKnEmN7sWojec0pfbAo=,sXk2hYvIp8cegv8IxeInaMITqhI=
17,115,+gxF4SA9rKnEmN7sWojec0pfbAo=,sXk2hYvIp8cegv8IxeInaMITqhI=
24,123,+gxF4SA9rKnEmN7sWojec0pfbAo=,sXk2hYvIp8cegv8IxeInaMITqhI=
25,114,+gxF4SA9rKnEmN7sWojec0pfbAo=,sXk2hYvIp8cegv8IxeInaMITqhI=
31,122,+gxF4SA9rKnEmN7sWojec0pfbAo=,sXk2hYvIp8cegv8IxeInaMITqhI=
23,123,+gxF4SA9rKnEmN7sWojec0pfbAo=,sXk2hYvIp8cegv8IxeInaMITqhI=
21,123,+gxF4SA9rKnEmN7sWojec0pfbAo=,sXk2hYvIp8cegv8IxeInaMITqhI=
20,123,+gxF4SA9rKnEmN7sWojec0pfbAo=,sXk2hYvIp8cegv8IxeInaMITqhI=
19,123,+gxF4SA9rKnEmN7sWojec0pfbAo=,sXk2hYvIp8cegv8IxeInaMITqhI=
22,123,+gxF4SA9rKnEmN7sWojec0pfbAo=,sXk2hYvIp8cegv8IxeInaMITqhI=
30,122,+gxF4SA9rKnEmN7sWojec0pfbAo=,sXk2hYvIp8cegv8IxeInaMITqhI=
16,123,+gxF4SA9rKnEmN7sWojec0pfbAo=,sXk2hYvIp8cegv8IxeInaMITqhI=
17,123,+gxF4SA9rKnEmN7sWojec0pfbAo=,sXk2hYvIp8cegv8IxeInaMITqhI=
28,122,+gxF4SA9rKnEmN7sWojec0pfbAo=,sXk2hYvIp8cegv8IxeInaMITqhI=
26,114,+gxF4SA9rKnEmN7sWojec0pfbAo=,sXk2hYvIp8cegv8IxeInaMITqhI=
18,115,+gxF4SA9rKnEmN7sWojec0pfbAo=,sXk2hYvIp8cegv8IxeInaMITqhI=
28,112,+gxF4SA9rKnEmN7sWojec0pfbAo=,sXk2hYvIp8cegv8IxeInaMITqhI=
29,122,+gxF4SA9rKnEmN7sWojec0pfbAo=,sXk2hYvIp8cegv8IxeInaMITqhI=
27,122,+gxF4SA9rKnEmN7sWojec0pfbAo=,sXk2hYvIp8cegv8IxeInaMITqhI=
24,114,+gxF4SA9rKnEmN7sWojec0pfbAo=,sXk2hYvIp8cegv8IxeInaMITqhI=
26,122,+gxF4SA9rKnEmN7sWojec0pfbAo=,sXk2hYvIp8cegv8IxeInaMITqhI=
25,122,+gxF4SA9rKnEmN7sWojec0pfbAo=,sXk2hYvIp8cegv8IxeInaMITqhI=
21,122,+gxF4SA9rKnEmN7sWojec0pfbAo=,sXk2hYvIp8cegv8IxeInaMITqhI=
22,122,+gxF4SA9rKnEmN7sWojec0pfbAo=,sXk2hYvIp8cegv8IxeInaMITqhI=
24,122,+gxF4SA9rKnEmN7sWojec0pfbAo=,sXk2hYvIp8cegv8IxeInaMITqhI=
23,122,+gxF4SA9rKnEmN7sWojec0pfbAo=,sXk2hYvIp8cegv8IxeInaMITqhI=
20,122,+gxF4SA9rKnEmN7sWojec0pfbAo=,sXk2hYvIp8cegv8IxeInaMITqhI=
31,121,+gxF4SA9rKnEmN7sWojec0pfbAo=,sXk2hYvIp8cegv8IxeInaMITqhI=
19,122,+gxF4SA9rKnEmN7sWojec0pfbAo=,sXk2hYvIp8cegv8IxeInaMITqhI=
16,114,+gxF4SA9rKnEmN7sWojec0pfbAo=,sXk2hYvIp8cegv8IxeInaMITqhI=
16,122,+gxF4SA9rKnEmN7sWojec0pfbAo=,sXk2hYvIp8cegv8IxeInaMITqhI=
17,122,+gxF4SA9rKnEmN7sWojec0pfbAo=,sXk2hYvIp8cegv8IxeInaMITqhI=
30,121,+gxF4SA9rKnEmN7sWojec0pfbAo=,sXk2hYvIp8cegv8IxeInaMITqhI=
18,122,+gxF4SA9rKnEmN7sWojec0pfbAo=,sXk2hYvIp8cegv8IxeInaMITqhI=
29,121,+gxF4SA9rKnEmN7sWojec0pfbAo=,sXk2hYvIp8cegv8IxeInaMITqhI=
27,112,+gxF4SA9rKnEmN7sWojec0pfbAo=,sXk2hYvIp8cegv8IxeInaMITqhI=
28,121,+gxF4SA9rKnEmN7sWojec0pfbAo=,sXk2hYvIp8cegv8IxeInaMITqhI=
27,121,+gxF4SA9rKnEmN7sWojec0pfbAo=,sXk2hYvIp8cegv8IxeInaMITqhI=
23,114,+gxF4SA9rKnEmN7sWojec0pfbAo=,sXk2hYvIp8cegv8IxeInaMITqhI=
25,121,+gxF4SA9rKnEmN7sWojec0pfbAo=,sXk2hYvIp8cegv8IxeInaMITqhI=
24,121,+gxF4SA9rKnEmN7sWojec0pfbAo=,sXk2hYvIp8cegv8IxeInaMITqhI=
19,115,+gxF4SA9rKnEmN7sWojec0pfbAo=,sXk2hYvIp8cegv8IxeInaMITqhI=
23,121,+gxF4SA9rKnEmN7sWojec0pfbAo=,sXk2hYvIp8cegv8IxeInaMITqhI=
22,121,+gxF4SA9rKnEmN7sWojec0pfbAo=,sXk2hYvIp8cegv8IxeInaMITqhI=
21,121,+gxF4SA9rKnEmN7sWojec0pfbAo=,sXk2hYvIp8cegv8IxeInaMITqhI=
19,121,+gxF4SA9rKnEmN7sWojec0pfbAo=,sXk2hYvIp8cegv8IxeInaMITqhI=
30,120,+gxF4SA9rKnEmN7sWojec0pfbAo=,sXk2hYvIp8cegv8IxeInaMITqhI=
20,121,+gxF4SA9rKnEmN7sWojec0pfbAo=,sXk2hYvIp8cegv8IxeInaMITqhI=
29,120,+gxF4SA9rKnEmN7sWojec0pfbAo=,sXk2hYvIp8cegv8IxeInaMITqhI=
17,121,+gxF4SA9rKnEmN7sWojec0pfbAo=,sXk2hYvIp8cegv8IxeInaMITqhI=
18,121,+gxF4SA9rKnEmN7sWojec0pfbAo=,sXk2hYvIp8cegv8IxeInaMITqhI=
26,120,+gxF4SA9rKnEmN7sWojec0pfbAo=,sXk2hYvIp8cegv8IxeInaMITqhI=
31,120,+gxF4SA9rKnEmN7sWojec0pfbAo=,sXk2hYvIp8cegv8IxeInaMITqhI=
20,112,+gxF4SA9rKnEmN7sWojec0pfbAo=,sXk2hYvIp8cegv8IxeInaMITqhI=
28,120,+gxF4SA9rKnEmN7sWojec0pfbAo=,sXk2hYvIp8cegv8IxeInaMITqhI=
25,120,+gxF4SA9rKnEmN7sWojec0pfbAo=,sXk2hYvIp8cegv8IxeInaMITqhI=
27,120,+gxF4SA9rKnEmN7sWojec0pfbAo=,sXk2hYvIp8cegv8IxeInaMITqhI=
26,112,+gxF4SA9rKnEmN7sWojec0pfbAo=,sXk2hYvIp8cegv8IxeInaMITqhI=
24,120,+gxF4SA9rKnEmN7sWojec0pfbAo=,sXk2hYvIp8cegv8IxeInaMITqhI=
22,114,+gxF4SA9rKnEmN7sWojec0pfbAo=,sXk2hYvIp8cegv8IxeInaMITqhI=
22,120,+gxF4SA9rKnEmN7sWojec0pfbAo=,sXk2hYvIp8cegv8IxeInaMITqhI=
21,120,+gxF4SA9rKnEmN7sWojec0pfbAo=,sXk2hYvIp8cegv8IxeInaMITqhI=
23,120,+gxF4SA9rKnEmN7sWojec0pfbAo=,sXk2hYvIp8cegv8IxeInaMITqhI=
20,120,+gxF4SA9rKnEmN7sWojec0pfbAo=,sXk2hYvIp8cegv8IxeInaMITqhI=
19,120,+gxF4SA9rKnEmN7sWojec0pfbAo=,sXk2hYvIp8cegv8IxeInaMITqhI=
20,115,+gxF4SA9rKnEmN7sWojec0pfbAo=,sXk2hYvIp8cegv8IxeInaMITqhI=
18,120,+gxF4SA9rKnEmN7sWojec0pfbAo=,sXk2hYvIp8cegv8IxeInaMITqhI=
17,120,+gxF4SA9rKnEmN7sWojec0pfbAo=,sXk2hYvIp8cegv8IxeInaMITqhI=
16,120,+gxF4SA9rKnEmN7sWojec0pfbAo=,sXk2hYvIp8cegv8IxeInaMITqhI=
30,119,+gxF4SA9rKnEmN7sWojec0pfbAo=,sXk2hYvIp8cegv8IxeInaMITqhI=
29,119,+gxF4SA9rKnEmN7sWojec0pfbAo=,sXk2hYvIp8cegv8IxeInaMITqhI=
27,119,+gxF4SA9rKnEmN7sWojec0pfbAo=,sXk2hYvIp8cegv8IxeInaMITqhI=
21,115,+gxF4SA9rKnEmN7sWojec0pfbAo=,sXk2hYvIp8cegv8IxeInaMITqhI=
26,119,+gxF4SA9rKnEmN7sWojec0pfbAo=,sXk2hYvIp8cegv8IxeInaMITqhI=
24,119,+gxF4SA9rKnEmN7sWojec0pfbAo=,sXk2hYvIp8cegv8IxeInaMITqhI=
28,119,+gxF4SA9rKnEmN7sWojec0pfbAo=,sXk2hYvIp8cegv8IxeInaMITqhI=
25,119,+gxF4SA9rKnEmN7sWojec0pfbAo=,sXk2hYvIp8cegv8IxeInaMITqhI=
31,119,+gxF4SA9rKnEmN7sWojec0pfbAo=,sXk2hYvIp8cegv8IxeInaMITqhI=
25,112,+gxF4SA9rKnEmN7sWojec0pfbAo=,sXk2hYvIp8cegv8IxeInaMITqhI=
26,121,+gxF4SA9rKnEmN7sWojec0pfbAo=,sXk2hYvIp8cegv8IxeInaMITqhI=
22,119,+gxF4SA9rKnEmN7sWojec0pfbAo=,sXk2hYvIp8cegv8IxeInaMITqhI=
18,123,+gxF4SA9rKnEmN7sWojec0pfbAo=,sXk2hYvIp8cegv8IxeInaMITqhI=
19,119,+gxF4SA9rKnEmN7sWojec0pfbAo=,sXk2hYvIp8cegv8IxeInaMITqhI=
20,119,+gxF4SA9rKnEmN7sWojec0pfbAo=,sXk2hYvIp8cegv8IxeInaMITqhI=
31,118,+gxF4SA9rKnEmN7sWojec0pfbAo=,sXk2hYvIp8cegv8IxeInaMITqhI=
30,118,+gxF4SA9rKnEmN7sWojec0pfbAo=,sXk2hYvIp8cegv8IxeInaMITqhI=
16,121,+gxF4SA9rKnEmN7sWojec0pfbAo=,sXk2hYvIp8cegv8IxeInaMITqhI=
28,118,+gxF4SA9rKnEmN7sWojec0pfbAo=,sXk2hYvIp8cegv8IxeInaMITqhI=
27,118,+gxF4SA9rKnEmN7sWojec0pfbAo=,sXk2hYvIp8cegv8IxeInaMITqhI=
17,119,+gxF4SA9rKnEmN7sWojec0pfbAo=,sXk2hYvIp8cegv8IxeInaMITqhI=
29,118,+gxF4SA9rKnEmN7sWojec0pfbAo=,sXk2hYvIp8cegv8IxeInaMITqhI=
26,118,+gxF4SA9rKnEmN7sWojec0pfbAo=,sXk2hYvIp8cegv8IxeInaMITqhI=
21,114,+gxF4SA9rKnEmN7sWojec0pfbAo=,sXk2hYvIp8cegv8IxeInaMITqhI=
24,118,+gxF4SA9rKnEmN7sWojec0pfbAo=,sXk2hYvIp8cegv8IxeInaMITqhI=
25,118,+gxF4SA9rKnEmN7sWojec0pfbAo=,sXk2hYvIp8cegv8IxeInaMITqhI=
16,119,+gxF4SA9rKnEmN7sWojec0pfbAo=,sXk2hYvIp8cegv8IxeInaMITqhI=
23,118,+gxF4SA9rKnEmN7sWojec0pfbAo=,sXk2hYvIp8cegv8IxeInaMITqhI=
24,112,+gxF4SA9rKnEmN7sWojec0pfbAo=,sXk2hYvIp8cegv8IxeInaMITqhI=
21,118,+gxF4SA9rKnEmN7sWojec0pfbAo=,sXk2hYvIp8cegv8IxeInaMITqhI=
20,114,+gxF4SA9rKnEmN7sWojec0pfbAo=,sXk2hYvIp8cegv8IxeInaMITqhI=
17,118,+gxF4SA9rKnEmN7sWojec0pfbAo=,sXk2hYvIp8cegv8IxeInaMITqhI=
30,117,+gxF4SA9rKnEmN7sWojec0pfbAo=,sXk2hYvIp8cegv8IxeInaMITqhI=
19,118,+gxF4SA9rKnEmN7sWojec0pfbAo=,sXk2hYvIp8cegv8IxeInaMITqhI=
16,118,+gxF4SA9rKnEmN7sWojec0pfbAo=,sXk2hYvIp8cegv8IxeInaMITqhI=
29,117,+gxF4SA9rKnEmN7sWojec0pfbAo=,sXk2hYvIp8cegv8IxeInaMITqhI=
27,117,+gxF4SA9rKnEmN7sWojec0pfbAo=,sXk2hYvIp8cegv8IxeInaMITqhI=
18,119,+gxF4SA9rKnEmN7sWojec0pfbAo=,sXk2hYvIp8cegv8IxeInaMITqhI=
22,118,+gxF4SA9rKnEmN7sWojec0pfbAo=,sXk2hYvIp8cegv8IxeInaMITqhI=
26,117,+gxF4SA9rKnEmN7sWojec0pfbAo=,sXk2hYvIp8cegv8IxeInaMITqhI=
23,112,+gxF4SA9rKnEmN7sWojec0pfbAo=,sXk2hYvIp8cegv8IxeInaMITqhI=
20,118,+gxF4SA9rKnEmN7sWojec0pfbAo=,sXk2hYvIp8cegv8IxeInaMITqhI=
22,117,+gxF4SA9rKnEmN7sWojec0pfbAo=,sXk2hYvIp8cegv8IxeInaMITqhI=
19,114,+gxF4SA9rKnEmN7sWojec0pfbAo=,sXk2hYvIp8cegv8IxeInaMITqhI=
25,117,+gxF4SA9rKnEmN7sWojec0pfbAo=,sXk2hYvIp8cegv8IxeInaMITqhI=
21,117,+gxF4SA9rKnEmN7sWojec0pfbAo=,sXk2hYvIp8cegv8IxeInaMITqhI=
19,117,+gxF4SA9rKnEmN7sWojec0pfbAo=,sXk2hYvIp8cegv8IxeInaMITqhI=
28,117,+gxF4SA9rKnEmN7sWojec0pfbAo=,sXk2hYvIp8cegv8IxeInaMITqhI=
22,115,+gxF4SA9rKnEmN7sWojec0pfbAo=,sXk2hYvIp8cegv8IxeInaMITqhI=
23,117,+gxF4SA9rKnEmN7sWojec0pfbAo=,sXk2hYvIp8cegv8IxeInaMITqhI=
20,117,+gxF4SA9rKnEmN7sWojec0pfbAo=,sXk2hYvIp8cegv8IxeInaMITqhI=
21,119,+gxF4SA9rKnEmN7sWojec0pfbAo=,sXk2hYvIp8cegv8IxeInaMITqhI=
17,117,+gxF4SA9rKnEmN7sWojec0pfbAo=,sXk2hYvIp8cegv8IxeInaMITqhI=
18,117,+gxF4SA9rKnEmN7sWojec0pfbAo=,sXk2hYvIp8cegv8IxeInaMITqhI=
22,112,+gxF4SA9rKnEmN7sWojec0pfbAo=,sXk2hYvIp8cegv8IxeInaMITqhI=
31,116,+gxF4SA9rKnEmN7sWojec0pfbAo=,sXk2hYvIp8cegv8IxeInaMITqhI=
16,117,+gxF4SA9rKnEmN7sWojec0pfbAo=,sXk2hYvIp8cegv8IxeInaMITqhI=
24,117,+gxF4SA9rKnEmN7sWojec0pfbAo=,sXk2hYvIp8cegv8IxeInaMITqhI=
23,115,+gxF4SA9rKnEmN7sWojec0pfbAo=,sXk2hYvIp8cegv8IxeInaMITqhI=
30,116,+gxF4SA9rKnEmN7sWojec0pfbAo=,sXk2hYvIp8cegv8IxeInaMITqhI=
28,116,+gxF4SA9rKnEmN7sWojec0pfbAo=,sXk2hYvIp8cegv8IxeInaMITqhI=
24,116,+gxF4SA9rKnEmN7sWojec0pfbAo=,sXk2hYvIp8cegv8IxeInaMITqhI=
26,116,+gxF4SA9rKnEmN7sWojec0pfbAo=,sXk2hYvIp8cegv8IxeInaMITqhI=
25,116,+gxF4SA9rKnEmN7sWojec0pfbAo=,sXk2hYvIp8cegv8IxeInaMITqhI=
23,116,+gxF4SA9rKnEmN7sWojec0pfbAo=,sXk2hYvIp8cegv8IxeInaMITqhI=
18,118,+gxF4SA9rKnEmN7sWojec0pfbAo=,sXk2hYvIp8cegv8IxeInaMITqhI=
22,116,+gxF4SA9rKnEmN7sWojec0pfbAo=,sXk2hYvIp8cegv8IxeInaMITqhI=
27,116,+gxF4SA9rKnEmN7sWojec0pfbAo=,sXk2hYvIp8cegv8IxeInaMITqhI=
20,116,+gxF4SA9rKnEmN7sWojec0pfbAo=,sXk2hYvIp8cegv8IxeInaMITqhI=
19,116,+gxF4SA9rKnEmN7sWojec0pfbAo=,sXk2hYvIp8cegv8IxeInaMITqhI=
18,114,+gxF4SA9rKnEmN7sWojec0pfbAo=,sXk2hYvIp8cegv8IxeInaMITqhI=
24,115,+gxF4SA9rKnEmN7sWojec0pfbAo=,sXk2hYvIp8cegv8IxeInaMITqhI=
31,117,+gxF4SA9rKnEmN7sWojec0pfbAo=,sXk2hYvIp8cegv8IxeInaMITqhI=
16,116,+gxF4SA9rKnEmN7sWojec0pfbAo=,sXk2hYvIp8cegv8IxeInaMITqhI=
17,114,+gxF4SA9rKnEmN7sWojec0pfbAo=,sXk2hYvIp8cegv8IxeInaMITqhI=
17,116,+gxF4SA9rKnEmN7sWojec0pfbAo=,sXk2hYvIp8cegv8IxeInaMITqhI=
23,119,+gxF4SA9rKnEmN7sWojec0pfbAo=,sXk2hYvIp8cegv8IxeInaMITqhI=
30,115,+gxF4SA9rKnEmN7sWojec0pfbAo=,sXk2hYvIp8cegv8IxeInaMITqhI=
29,115,+gxF4SA9rKnEmN7sWojec0pfbAo=,sXk2hYvIp8cegv8IxeInaMITqhI=
28,115,+gxF4SA9rKnEmN7sWojec0pfbAo=,sXk2hYvIp8cegv8IxeInaMITqhI=
26,115,+gxF4SA9rKnEmN7sWojec0pfbAo=,sXk2hYvIp8cegv8IxeInaMITqhI=
31,115,+gxF4SA9rKnEmN7sWojec0pfbAo=,sXk2hYvIp8cegv8IxeInaMITqhI=
29,116,+gxF4SA9rKnEmN7sWojec0pfbAo=,sXk2hYvIp8cegv8IxeInaMITqhI=
21,116,+gxF4SA9rKnEmN7sWojec0pfbAo=,sXk2hYvIp8cegv8IxeInaMITqhI=
25,115,+gxF4SA9rKnEmN7sWojec0pfbAo=,sXk2hYvIp8cegv8IxeInaMITqhI=
21,112,+gxF4SA9rKnEmN7sWojec0pfbAo=,sXk2hYvIp8cegv8IxeInaMITqhI=
27,115,+gxF4SA9rKnEmN7sWojec0pfbAo=,sXk2hYvIp8cegv8IxeInaMITqhI=
16,112,+gxF4SA9rKnEmN7sWojec0pfbAo=,sXk2hYvIp8cegv8IxeInaMITqhI=
18,116,+gxF4SA9rKnEmN7sWojec0pfbAo=,sXk2hYvIp8cegv8IxeInaMITqhI=
29,98,bPSRtLgBPzqGB78dIPDqzDiJ/vk=,SLBwCKvt+MfT9f17PTLhpYFpTcc=
30,98,bPSRtLgBPzqGB78dIPDqzDiJ/vk=,SLBwCKvt+MfT9f17PTLhpYFpTcc=
19,96,bPSRtLgBPzqGB78dIPDqzDiJ/vk=,SLBwCKvt+MfT9f17PTLhpYFpTcc=
30,111,bPSRtLgBPzqGB78dIPDqzDiJ/vk=,SLBwCKvt+MfT9f17PTLhpYFpTcc=
31,111,bPSRtLgBPzqGB78dIPDqzDiJ/vk=,SLBwCKvt+MfT9f17PTLhpYFpTcc=
26,111,bPSRtLgBPzqGB78dIPDqzDiJ/vk=,SLBwCKvt+MfT9f17PTLhpYFpTcc=
31,98,bPSRtLgBPzqGB78dIPDqzDiJ/vk=,SLBwCKvt+MfT9f17PTLhpYFpTcc=
28,111,bPSRtLgBPzqGB78dIPDqzDiJ/vk=,SLBwCKvt+MfT9f17PTLhpYFpTcc=
23,111,bPSRtLgBPzqGB78dIPDqzDiJ/vk=,SLBwCKvt+MfT9f17PTLhpYFpTcc=
27,111,bPSRtLgBPzqGB78dIPDqzDiJ/vk=,SLBwCKvt+MfT9f17PTLhpYFpTcc=
24,111,bPSRtLgBPzqGB78dIPDqzDiJ/vk=,SLBwCKvt+MfT9f17PTLhpYFpTcc=
25,111,bPSRtLgBPzqGB78dIPDqzDiJ/vk=,SLBwCKvt+MfT9f17PTLhpYFpTcc=
22,111,bPSRtLgBPzqGB78dIPDqzDiJ/vk=,SLBwCKvt+MfT9f17PTLhpYFpTcc=
31,97,bPSRtLgBPzqGB78dIPDqzDiJ/vk=,SLBwCKvt+MfT9f17PTLhpYFpTcc=
20,111,bPSRtLgBPzqGB78dIPDqzDiJ/vk=,SLBwCKvt+MfT9f17PTLhpYFpTcc=
29,111,bPSRtLgBPzqGB78dIPDqzDiJ/vk=,SLBwCKvt+MfT9f17PTLhpYFpTcc=
21,111,bPSRtLgBPzqGB78dIPDqzDiJ/vk=,SLBwCKvt+MfT9f17PTLhpYFpTcc=
29,97,bPSRtLgBPzqGB78dIPDqzDiJ/vk=,SLBwCKvt+MfT9f17PTLhpYFpTcc=
28,97,bPSRtLgBPzqGB78dIPDqzDiJ/vk=,SLBwCKvt+MfT9f17PTLhpYFpTcc=
18,111,bPSRtLgBPzqGB78dIPDqzDiJ/vk=,SLBwCKvt+MfT9f17PTLhpYFpTcc=
30,97,bPSRtLgBPzqGB78dIPDqzDiJ/vk=,SLBwCKvt+MfT9f17PTLhpYFpTcc=
17,97,bPSRtLgBPzqGB78dIPDqzDiJ/vk=,SLBwCKvt+MfT9f17PTLhpYFpTcc=
16,99,bPSRtLgBPzqGB78dIPDqzDiJ/vk=,SLBwCKvt+MfT9f17PTLhpYFpTcc=
26,97,bPSRtLgBPzqGB78dIPDqzDiJ/vk=,SLBwCKvt+MfT9f17PTLhpYFpTcc=
24,97,bPSRtLgBPzqGB78dIPDqzDiJ/vk=,SLBwCKvt+MfT9f17PTLhpYFpTcc=
25,97,bPSRtLgBPzqGB78dIPDqzDiJ/vk=,SLBwCKvt+MfT9f17PTLhpYFpTcc=
17,111,bPSRtLgBPzqGB78dIPDqzDiJ/vk=,SLBwCKvt+MfT9f17PTLhpYFpTcc=
27,97,bPSRtLgBPzqGB78dIPDqzDiJ/vk=,SLBwCKvt+MfT9f17PTLhpYFpTcc=
20,97,bPSRtLgBPzqGB78dIPDqzDiJ/vk=,SLBwCKvt+MfT9f17PTLhpYFpTcc=
23,97,bPSRtLgBPzqGB78dIPDqzDiJ/vk=,SLBwCKvt+MfT9f17PTLhpYFpTcc=
21,97,bPSRtLgBPzqGB78dIPDqzDiJ/vk=,SLBwCKvt+MfT9f17PTLhpYFpTcc=
22,97,bPSRtLgBPzqGB78dIPDqzDiJ/vk=,SLBwCKvt+MfT9f17PTLhpYFpTcc=
19,111,bPSRtLgBPzqGB78dIPDqzDiJ/vk=,SLBwCKvt+MfT9f17PTLhpYFpTcc=
19,97,bPSRtLgBPzqGB78dIPDqzDiJ/vk=,SLBwCKvt+MfT9f17PTLhpYFpTcc=
16,111,bPSRtLgBPzqGB78dIPDqzDiJ/vk=,SLBwCKvt+MfT9f17PTLhpYFpTcc=
18,97,bPSRtLgBPzqGB78dIPDqzDiJ/vk=,SLBwCKvt+MfT9f17PTLhpYFpTcc=
30,110,bPSRtLgBPzqGB78dIPDqzDiJ/vk=,SLBwCKvt+MfT9f17PTLhpYFpTcc=
18,96,bPSRtLgBPzqGB78dIPDqzDiJ/vk=,SLBwCKvt+MfT9f17PTLhpYFpTcc=
28,98,bPSRtLgBPzqGB78dIPDqzDiJ/vk=,SLBwCKvt+MfT9f17PTLhpYFpTcc=
17,99,bPSRtLgBPzqGB78dIPDqzDiJ/vk=,SLBwCKvt+MfT9f17PTLhpYFpTcc=
31,110,bPSRtLgBPzqGB78dIPDqzDiJ/vk=,SLBwCKvt+MfT9f17PTLhpYFpTcc=
28,110,bPSRtLgBPzqGB78dIPDqzDiJ/vk=,SLBwCKvt+MfT9f17PTLhpYFpTcc=
29,110,bPSRtLgBPzqGB78dIPDqzDiJ/vk=,SLBwCKvt+MfT9f17PTLhpYFpTcc=
25,110,bPSRtLgBPzqGB78dIPDqzDiJ/vk=,SLBwCKvt+MfT9f17PTLhpYFpTcc=
22,110,bPSRtLgBPzqGB78dIPDqzDiJ/vk=,SLBwCKvt+MfT9f17PTLhpYFpTcc=
23,110,bPSRtLgBPzqGB78dIPDqzDiJ/vk=,SLBwCKvt+MfT9f17PTLhpYFpTcc=
27,110,bPSRtLgBPzqGB78dIPDqzDiJ/vk=,SLBwCKvt+MfT9f17PTLhpYFpTcc=
26,110,bPSRtLgBPzqGB78dIPDqzDiJ/vk=,SLBwCKvt+MfT9f17PTLhpYFpTcc=
24,110,bPSRtLgBPzqGB78dIPDqzDiJ/vk=,SLBwCKvt+MfT9f17PTLhpYFpTcc=
16,97,bPSRtLgBPzqGB78dIPDqzDiJ/vk=,SLBwCKvt+MfT9f17PTLhpYFpTcc=
20,110,bPSRtLgBPzqGB78dIPDqzDiJ/vk=,SLBwCKvt+MfT9f17PTLhpYFpTcc=
31,109,bPSRtLgBPzqGB78dIPDqzDiJ/vk=,SLBwCKvt+MfT9f17PTLhpYFpTcc=
19,110,bPSRtLgBPzqGB78dIPDqzDiJ/vk=,SLBwCKvt+MfT9f17PTLhpYFpTcc=
18,99,bPSRtLgBPzqGB78dIPDqzDiJ/vk=,SLBwCKvt+MfT9f17PTLhpYFpTcc=
31,96,bPSRtLgBPzqGB78dIPDqzDiJ/vk=,SLBwCKvt+MfT9f17PTLhpYFpTcc=
21,110,bPSRtLgBPzqGB78dIPDqzDiJ/vk=,SLBwCKvt+MfT9f17PTLhpYFpTcc=
16,110,bPSRtLgBPzqGB78dIPDqzDiJ/vk=,SLBwCKvt+MfT9f17PTLhpYFpTcc=
18,110,bPSRtLgBPzqGB78dIPDqzDiJ/vk=,SLBwCKvt+MfT9f17PTLhpYFpTcc=
30,109,bPSRtLgBPzqGB78dIPDqzDiJ/vk=,SLBwCKvt+MfT9f17PTLhpYFpTcc=
22,109,bPSRtLgBPzqGB78dIPDqzDiJ/vk=,SLBwCKvt+MfT9f17PTLhpYFpTcc=
29,109,bPSRtLgBPzqGB78dIPDqzDiJ/vk=,SLBwCKvt+MfT9f17PTLhpYFpTcc=
25,109,bPSRtLgBPzqGB78dIPDqzDiJ/vk=,SLBwCKvt+MfT9f17PTLhpYFpTcc=
24,109,bPSRtLgBPzqGB78dIPDqzDiJ/vk=,SLBwCKvt+MfT9f17PTLhpYFpTcc=
19,99,bPSRtLgBPzqGB78dIPDqzDiJ/vk=,SLBwCKvt+MfT9f17PTLhpYFpTcc=
23,109,bPSRtLgBPzqGB78dIPDqzDiJ/vk=,SLBwCKvt+MfT9f17PTLhpYFpTcc=
21,109,bPSRtLgBPzqGB78dIPDqzDiJ/vk=,SLBwCKvt+MfT9f17PTLhpYFpTcc=
26,109,bPSRtLgBPzqGB78dIPDqzDiJ/vk=,SLBwCKvt+MfT9f17PTLhpYFpTcc=
27,109,bPSRtLgBPzqGB78dIPDqzDiJ/vk=,SLBwCKvt+MfT9f17PTLhpYFpTcc=
16,98,bPSRtLgBPzqGB78dIPDqzDiJ/vk=,SLBwCKvt+MfT9f17PTLhpYFpTcc=
17,96,bPSRtLgBPzqGB78dIPDqzDiJ/vk=,SLBwCKvt+MfT9f17PTLhpYFpTcc=
17,109,bPSRtLgBPzqGB78dIPDqzDiJ/vk=,SLBwCKvt+MfT9f17PTLhpYFpTcc=
18,109,bPSRtLgBPzqGB78dIPDqzDiJ/vk=,SLBwCKvt+MfT9f17PTLhpYFpTcc=
19,109,bPSRtLgBPzqGB78dIPDqzDiJ/vk=,SLBwCKvt+MfT9f17PTLhpYFpTcc=
28,109,bPSRtLgBPzqGB78dIPDqzDiJ/vk=,SLBwCKvt+MfT9f17PTLhpYFpTcc=
20,109,bPSRtLgBPzqGB78dIPDqzDiJ/vk=,SLBwCKvt+MfT9f17PTLhpYFpTcc=
16,109,bPSRtLgBPzqGB78dIPDqzDiJ/vk=,SLBwCKvt+MfT9f17PTLhpYFpTcc=
17,110,bPSRtLgBPzqGB78dIPDqzDiJ/vk=,SLBwCKvt+MfT9f17PTLhpYFpTcc=
26,98,bPSRtLgBPzqGB78dIPDqzDiJ/vk=,SLBwCKvt+MfT9f17PTLhpYFpTcc=
29,108,bPSRtLgBPzqGB78dIPDqzDiJ/vk=,SLBwCKvt+MfT9f17PTLhpYFpTcc=
20,99,bPSRtLgBPzqGB78dIPDqzDiJ/vk=,SLBwCKvt+MfT9f17PTLhpYFpTcc=
30,108,bPSRtLgBPzqGB78dIPDqzDiJ/vk=,SLBwCKvt+MfT9f17PTLhpYFpTcc=
25,108,bPSRtLgBPzqGB78dIPDqzDiJ/vk=,SLBwCKvt+MfT9f17PTLhpYFpTcc=
20,96,bPSRtLgBPzqGB78dIPDqzDiJ/vk=,SLBwCKvt+MfT9f17PTLhpYFpTcc=
31,108,bPSRtLgBPzqGB78dIPDqzDiJ/vk=,SLBwCKvt+MfT9f17PTLhpYFpTcc=
24,108,bPSRtLgBPzqGB78dIPDqzDiJ/vk=,SLBwCKvt+MfT9f17PTLhpYFpTcc=
26,108,bPSRtLgBPzqGB78dIPDqzDiJ/vk=,SLBwCKvt+MfT9f17PTLhpYFpTcc=
23,108,bPSRtLgBPzqGB78dIPDqzDiJ/vk=,SLBwCKvt+MfT9f17PTLhpYFpTcc=
27,98,bPSRtLgBPzqGB78dIPDqzDiJ/vk=,SLBwCKvt+MfT9f17PTLhpYFpTcc=
22,108,bPSRtLgBPzqGB78dIPDqzDiJ/vk=,SLBwCKvt+MfT9f17PTLhpYFpTcc=
27,108,bPSRtLgBPzqGB78dIPDqzDiJ/vk=,SLBwCKvt+MfT9f17PTLhpYFpTcc=
21,108,bPSRtLgBPzqGB78dIPDqzDiJ/vk=,SLBwCKvt+MfT9f17PTLhpYFpTcc=
28,108,bPSRtLgBPzqGB78dIPDqzDiJ/vk=,SLBwCKvt+MfT9f17PTLhpYFpTcc=
21,99,bPSRtLgBPzqGB78dIPDqzDiJ/vk=,SLBwCKvt+MfT9f17PTLhpYFpTcc=
19,108,bPSRtLgBPzqGB78dIPDqzDiJ/vk=,SLBwCKvt+MfT9f17PTLhpYFpTcc=
16,108,bPSRtLgBPzqGB78dIPDqzDiJ/vk=,SLBwCKvt+MfT9f17PTLhpYFpTcc=
18,108,bPSRtLgBPzqGB78dIPDqzDiJ/vk=,SLBwCKvt+MfT9f17PTLhpYFpTcc=
31,107,bPSRtLgBPzqGB78dIPDqzDiJ/vk=,SLBwCKvt+MfT9f17PTLhpYFpTcc=
25,98,bPSRtLgBPzqGB78dIPDqzDiJ/vk=,SLBwCKvt+MfT9f17PTLhpYFpTcc=
29,96,bPSRtLgBPzqGB78dIPDqzDiJ/vk=,SLBwCKvt+MfT9f17PTLhpYFpTcc=
30,107,bPSRtLgBPzqGB78dIPDqzDiJ/vk=,SLBwCKvt+MfT9f17PTLhpYFpTcc=
28,107,bPSRtLgBPzqGB78dIPDqzDiJ/vk=,SLBwCKvt+MfT9f17PTLhpYFpTcc=
17,108,bPSRtLgBPzqGB78dIPDqzDiJ/vk=,SLBwCKvt+MfT9f17PTLhpYFpTcc=
29,107,bPSRtLgBPzqGB78dIPDqzDiJ/vk=,SLBwCKvt+MfT9f17PTLhpYFpTcc=
22,99,bPSRtLgBPzqGB78dIPDqzDiJ/vk=,SLBwCKvt+MfT9f17PTLhpYFpTcc=
25,107,bPSRtLgBPzqGB78dIPDqzDiJ/vk=,SLBwCKvt+MfT9f17PTLhpYFpTcc=
26,107,bPSRtLgBPzqGB78dIPDqzDiJ/vk=,SLBwCKvt+MfT9f17PTLhpYFpTcc=
21,107,bPSRtLgBPzqGB78dIPDqzDiJ/vk=,SLBwCKvt+MfT9f17PTLhpYFpTcc=
24,107,bPSRtLgBPzqGB78dIPDqzDiJ/vk=,SLBwCKvt+MfT9f17PTLhpYFpTcc=
30,96,bPSRtLgBPzqGB78dIPDqzDiJ/vk=,SLBwCKvt+MfT9f17PTLhpYFpTcc=
23,107,bPSRtLgBPzqGB78dIPDqzDiJ/vk=,SLBwCKvt+MfT9f17PTLhpYFpTcc=
20,107,bPSRtLgBPzqGB78dIPDqzDiJ/vk=,SLBwCKvt+MfT9f17PTLhpYFpTcc=
22,107,bPSRtLgBPzqGB78dIPDqzDiJ/vk=,SLBwCKvt+MfT9f17PTLhpYFpTcc=
23,99,bPSRtLgBPzqGB78dIPDqzDiJ/vk=,SLBwCKvt+MfT9f17PTLhpYFpTcc=
16,107,bPSRtLgBPzqGB78dIPDqzDiJ/vk=,SLBwCKvt+MfT9f17PTLhpYFpTcc=
18,107,bPSRtLgBPzqGB78dIPDqzDiJ/vk=,SLBwCKvt+MfT9f17PTLhpYFpTcc=
28,106,bPSRtLgBPzqGB78dIPDqzDiJ/vk=,SLBwCKvt+MfT9f17PTLhpYFpTcc=
29,106,bPSRtLgBPzqGB78dIPDqzDiJ/vk=,SLBwCKvt+MfT9f17PTLhpYFpTcc=
31,106,bPSRtLgBPzqGB78dIPDqzDiJ/vk=,SLBwCKvt+MfT9f17PTLhpYFpTcc=
26,106,bPSRtLgBPzqGB78dIPDqzDiJ/vk=,SLBwCKvt+MfT9f17PTLhpYFpTcc=
28,96,bPSRtLgBPzqGB78dIPDqzDiJ/vk=,SLBwCKvt+MfT9f17PTLhpYFpTcc=
24,98,bPSRtLgBPzqGB78dIPDqzDiJ/vk=,SLBwCKvt+MfT9f17PTLhpYFpTcc=
24,99,bPSRtLgBPzqGB78dIPDqzDiJ/vk=,SLBwCKvt+MfT9f17PTLhpYFpTcc=
19,107,bPSRtLgBPzqGB78dIPDqzDiJ/vk=,SLBwCKvt+MfT9f17PTLhpYFpTcc=
24,106,bPSRtLgBPzqGB78dIPDqzDiJ/vk=,SLBwCKvt+MfT9f17PTLhpYFpTcc=
25,106,bPSRtLgBPzqGB78dIPDqzDiJ/vk=,SLBwCKvt+MfT9f17PTLhpYFpTcc=
22,106,bPSRtLgBPzqGB78dIPDqzDiJ/vk=,SLBwCKvt+MfT9f17PTLhpYFpTcc=
16,96,bPSRtLgBPzqGB78dIPDqzDiJ/vk=,SLBwCKvt+MfT9f17PTLhpYFpTcc=
21,106,bPSRtLgBPzqGB78dIPDqzDiJ/vk=,SLBwCKvt+MfT9f17PTLhpYFpTcc=
30,106,bPSRtLgBPzqGB78dIPDqzDiJ/vk=,SLBwCKvt+MfT9f17PTLhpYFpTcc=
16,106,bPSRtLgBPzqGB78dIPDqzDiJ/vk=,SLBwCKvt+MfT9f17PTLhpYFpTcc=
18,106,bPSRtLgBPzqGB78dIPDqzDiJ/vk=,SLBwCKvt+MfT9f17PTLhpYFpTcc=
19,106,bPSRtLgBPzqGB78dIPDqzDiJ/vk=,SLBwCKvt+MfT9f17PTLhpYFpTcc=
25,99,bPSRtLgBPzqGB78dIPDqzDiJ/vk=,SLBwCKvt+MfT9f17PTLhpYFpTcc=
20,108,bPSRtLgBPzqGB78dIPDqzDiJ/vk=,SLBwCKvt+MfT9f17PTLhpYFpTcc=
30,105,bPSRtLgBPzqGB78dIPDqzDiJ/vk=,SLBwCKvt+MfT9f17PTLhpYFpTcc=
17,106,bPSRtLgBPzqGB78dIPDqzDiJ/vk=,SLBwCKvt+MfT9f17PTLhpYFpTcc=
29,105,bPSRtLgBPzqGB78dIPDqzDiJ/vk=,SLBwCKvt+MfT9f17PTLhpYFpTcc=
28,105,bPSRtLgBPzqGB78dIPDqzDiJ/vk=,SLBwCKvt+MfT9f17PTLhpYFpTcc=
31,105,bPSRtLgBPzqGB78dIPDqzDiJ/vk=,SLBwCKvt+MfT9f17PTLhpYFpTcc=
27,105,bPSRtLgBPzqGB78dIPDqzDiJ/vk=,SLBwCKvt+MfT9f17PTLhpYFpTcc=
26,99,bPSRtLgBPzqGB78dIPDqzDiJ/vk=,SLBwCKvt+MfT9f17PTLhpYFpTcc=
23,98,bPSRtLgBPzqGB78dIPDqzDiJ/vk=,SLBwCKvt+MfT9f17PTLhpYFpTcc=
20,106,bPSRtLgBPzqGB78dIPDqzDiJ/vk=,SLBwCKvt+MfT9f17PTLhpYFpTcc=
25,105,bPSRtLgBPzqGB78dIPDqzDiJ/vk=,SLBwCKvt+MfT9f17PTLhpYFpTcc=
26,105,bPSRtLgBPzqGB78dIPDqzDiJ/vk=,SLBwCKvt+MfT9f17PTLhpYFpTcc=
27,96,bPSRtLgBPzqGB78dIPDqzDiJ/vk=,SLBwCKvt+MfT9f17PTLhpYFpTcc=
24,105,bPSRtLgBPzqGB78dIPDqzDiJ/vk=,SLBwCKvt+MfT9f17PTLhpYFpTcc=
21,105,bPSRtLgBPzqGB78dIPDqzDiJ/vk=,SLBwCKvt+MfT9f17PTLhpYFpTcc=
22,105,bPSRtLgBPzqGB78dIPDqzDiJ/vk=,SLBwCKvt+MfT9f17PTLhpYFpTcc=
27,99,bPSRtLgBPzqGB78dIPDqzDiJ/vk=,SLBwCKvt+MfT9f17PTLhpYFpTcc=
20,105,bPSRtLgBPzqGB78dIPDqzDiJ/vk=,SLBwCKvt+MfT9f17PTLhpYFpTcc=
27,106,bPSRtLgBPzqGB78dIPDqzDiJ/vk=,SLBwCKvt+MfT9f17PTLhpYFpTcc=
18,105,bPSRtLgBPzqGB78dIPDqzDiJ/vk=,SLBwCKvt+MfT9f17PTLhpYFpTcc=
16,105,bPSRtLgBPzqGB78dIPDqzDiJ/vk=,SLBwCKvt+MfT9f17PTLhpYFpTcc=
19,105,bPSRtLgBPzqGB78dIPDqzDiJ/vk=,SLBwCKvt+MfT9f17PTLhpYFpTcc=
30,104,bPSRtLgBPzqGB78dIPDqzDiJ/vk=,SLBwCKvt+MfT9f17PTLhpYFpTcc=
23,105,bPSRtLgBPzqGB78dIPDqzDiJ/vk=,SLBwCKvt+MfT9f17PTLhpYFpTcc=
28,99,bPSRtLgBPzqGB78dIPDqzDiJ/vk=,SLBwCKvt+MfT9f17PTLhpYFpTcc=
17,105,bPSRtLgBPzqGB78dIPDqzDiJ/vk=,SLBwCKvt+MfT9f17PTLhpYFpTcc=
27,104,bPSRtLgBPzqGB78dIPDqzDiJ/vk=,SLBwCKvt+MfT9f17PTLhpYFpTcc=
29,104,bPSRtLgBPzqGB78dIPDqzDiJ/vk=,SLBwCKvt+MfT9f17PTLhpYFpTcc=
27,107,bPSRtLgBPzqGB78dIPDqzDiJ/vk=,SLBwCKvt+MfT9f17PTLhpYFpTcc=
26,96,bPSRtLgBPzqGB78dIPDqzDiJ/vk=,SLBwCKvt+MfT9f17PTLhpYFpTcc=
22,98,bPSRtLgBPzqGB78dIPDqzDiJ/vk=,SLBwCKvt+MfT9f17PTLhpYFpTcc=
28,104,bPSRtLgBPzqGB78dIPDqzDiJ/vk=,SLBwCKvt+MfT9f17PTLhpYFpTcc=
26,104,bPSRtLgBPzqGB78dIPDqzDiJ/vk=,SLBwCKvt+MfT9f17PTLhpYFpTcc=
25,104,bPSRtLgBPzqGB78dIPDqzDiJ/vk=,SLBwCKvt+MfT9f17PTLhpYFpTcc=
22,104,bPSRtLgBPzqGB78dIPDqzDiJ/vk=,SLBwCKvt+MfT9f17PTLhpYFpTcc=
19,104,bPSRtLgBPzqGB78dIPDqzDiJ/vk=,SLBwCKvt+MfT9f17PTLhpYFpTcc=
18,104,bPSRtLgBPzqGB78dIPDqzDiJ/vk=,SLBwCKvt+MfT9f17PTLhpYFpTcc=
20,104,bPSRtLgBPzqGB78dIPDqzDiJ/vk=,SLBwCKvt+MfT9f17PTLhpYFpTcc=
23,104,bPSRtLgBPzqGB78dIPDqzDiJ/vk=,SLBwCKvt+MfT9f17PTLhpYFpTcc=
17,104,bPSRtLgBPzqGB78dIPDqzDiJ/vk=,SLBwCKvt+MfT9f17PTLhpYFpTcc=
30,103,bPSRtLgBPzqGB78dIPDqzDiJ/vk=,SLBwCKvt+MfT9f17PTLhpYFpTcc=
24,104,bPSRtLgBPzqGB78dIPDqzDiJ/vk=,SLBwCKvt+MfT9f17PTLhpYFpTcc=
21,104,bPSRtLgBPzqGB78dIPDqzDiJ/vk=,SLBwCKvt+MfT9f17PTLhpYFpTcc=
31,103,bPSRtLgBPzqGB78dIPDqzDiJ/vk=,SLBwCKvt+MfT9f17PTLhpYFpTcc=
29,103,bPSRtLgBPzqGB78dIPDqzDiJ/vk=,SLBwCKvt+MfT9f17PTLhpYFpTcc=
16,104,bPSRtLgBPzqGB78dIPDqzDiJ/vk=,SLBwCKvt+MfT9f17PTLhpYFpTcc=
21,98,bPSRtLgBPzqGB78dIPDqzDiJ/vk=,SLBwCKvt+MfT9f17PTLhpYFpTcc=
26,103,bPSRtLgBPzqGB78dIPDqzDiJ/vk=,SLBwCKvt+MfT9f17PTLhpYFpTcc=
27,103,bPSRtLgBPzqGB78dIPDqzDiJ/vk=,SLBwCKvt+MfT9f17PTLhpYFpTcc=
24,103,bPSRtLgBPzqGB78dIPDqzDiJ/vk=,SLBwCKvt+MfT9f17PTLhpYFpTcc=
25,103,bPSRtLgBPzqGB78dIPDqzDiJ/vk=,SLBwCKvt+MfT9f17PTLhpYFpTcc=
25,96,bPSRtLgBPzqGB78dIPDqzDiJ/vk=,SLBwCKvt+MfT9f17PTLhpYFpTcc=
28,103,bPSRtLgBPzqGB78dIPDqzDiJ/vk=,SLBwCKvt+MfT9f17PTLhpYFpTcc=
31,102,bPSRtLgBPzqGB78dIPDqzDiJ/vk=,SLBwCKvt+MfT9f17PTLhpYFpTcc=
30,102,bPSRtLgBPzqGB78dIPDqzDiJ/vk=,SLBwCKvt+MfT9f17PTLhpYFpTcc=
18,103,bPSRtLgBPzqGB78dIPDqzDiJ/vk=,SLBwCKvt+MfT9f17PTLhpYFpTcc=
19,103,bPSRtLgBPzqGB78dIPDqzDiJ/vk=,SLBwCKvt+MfT9f17PTLhpYFpTcc=
21,103,bPSRtLgBPzqGB78dIPDqzDiJ/vk=,SLBwCKvt+MfT9f17PTLhpYFpTcc=
17,103,bPSRtLgBPzqGB78dIPDqzDiJ/vk=,SLBwCKvt+MfT9f17PTLhpYFpTcc=
16,103,bPSRtLgBPzqGB78dIPDqzDiJ/vk=,SLBwCKvt+MfT9f17PTLhpYFpTcc=
20,103,bPSRtLgBPzqGB78dIPDqzDiJ/vk=,SLBwCKvt+MfT9f17PTLhpYFpTcc=
29,102,bPSRtLgBPzqGB78dIPDqzDiJ/vk=,SLBwCKvt+MfT9f17PTLhpYFpTcc=
23,103,bPSRtLgBPzqGB78dIPDqzDiJ/vk=,SLBwCKvt+MfT9f17PTLhpYFpTcc=
27,102,bPSRtLgBPzqGB78dIPDqzDiJ/vk=,SLBwCKvt+MfT9f17PTLhpYFpTcc=
29,99,bPSRtLgBPzqGB78dIPDqzDiJ/vk=,SLBwCKvt+MfT9f17PTLhpYFpTcc=
26,102,bPSRtLgBPzqGB78dIPDqzDiJ/vk=,SLBwCKvt+MfT9f17PTLhpYFpTcc=
20,98,bPSRtLgBPzqGB78dIPDqzDiJ/vk=,SLBwCKvt+MfT9f17PTLhpYFpTcc=
24,96,bPSRtLgBPzqGB78dIPDqzDiJ/vk=,SLBwCKvt+MfT9f17PTLhpYFpTcc=
24,102,bPSRtLgBPzqGB78dIPDqzDiJ/vk=,SLBwCKvt+MfT9f17PTLhpYFpTcc=
23,102,bPSRtLgBPzqGB78dIPDqzDiJ/vk=,SLBwCKvt+MfT9f17PTLhpYFpTcc=
20,102,bPSRtLgBPzqGB78dIPDqzDiJ/vk=,SLBwCKvt+MfT9f17PTLhpYFpTcc=
25,102,bPSRtLgBPzqGB78dIPDqzDiJ/vk=,SLBwCKvt+MfT9f17PTLhpYFpTcc=
18,102,bPSRtLgBPzqGB78dIPDqzDiJ/vk=,SLBwCKvt+MfT9f17PTLhpYFpTcc=
30,99,bPSRtLgBPzqGB78dIPDqzDiJ/vk=,SLBwCKvt+MfT9f17PTLhpYFpTcc=
17,107,bPSRtLgBPzqGB78dIPDqzDiJ/vk=,SLBwCKvt+MfT9f17PTLhpYFpTcc=
31,99,bPSRtLgBPzqGB78dIPDqzDiJ/vk=,SLBwCKvt+MfT9f17PTLhpYFpTcc=
30,101,bPSRtLgBPzqGB78dIPDqzDiJ/vk=,SLBwCKvt+MfT9f17PTLhpYFpTcc=
17,102,bPSRtLgBPzqGB78dIPDqzDiJ/vk=,SLBwCKvt+MfT9f17PTLhpYFpTcc=
21,102,bPSRtLgBPzqGB78dIPDqzDiJ/vk=,SLBwCKvt+MfT9f17PTLhpYFpTcc=
29,101,bPSRtLgBPzqGB78dIPDqzDiJ/vk=,SLBwCKvt+MfT9f17PTLhpYFpTcc=
28,101,bPSRtLgBPzqGB78dIPDqzDiJ/vk=,SLBwCKvt+MfT9f17PTLhpYFpTcc=
27,101,bPSRtLgBPzqGB78dIPDqzDiJ/vk=,SLBwCKvt+MfT9f17PTLhpYFpTcc=
26,101,bPSRtLgBPzqGB78dIPDqzDiJ/vk=,SLBwCKvt+MfT9f17PTLhpYFpTcc=
19,102,bPSRtLgBPzqGB78dIPDqzDiJ/vk=,SLBwCKvt+MfT9f17PTLhpYFpTcc=
16,102,bPSRtLgBPzqGB78dIPDqzDiJ/vk=,SLBwCKvt+MfT9f17PTLhpYFpTcc=
25,101,bPSRtLgBPzqGB78dIPDqzDiJ/vk=,SLBwCKvt+MfT9f17PTLhpYFpTcc=
28,102,bPSRtLgBPzqGB78dIPDqzDiJ/vk=,SLBwCKvt+MfT9f17PTLhpYFpTcc=
23,96,bPSRtLgBPzqGB78dIPDqzDiJ/vk=,SLBwCKvt+MfT9f17PTLhpYFpTcc=
24,101,bPSRtLgBPzqGB78dIPDqzDiJ/vk=,SLBwCKvt+MfT9f17PTLhpYFpTcc=
19,98,bPSRtLgBPzqGB78dIPDqzDiJ/vk=,SLBwCKvt+MfT9f17PTLhpYFpTcc=
22,101,bPSRtLgBPzqGB78dIPDqzDiJ/vk=,SLBwCKvt+MfT9f17PTLhpYFpTcc=
21,101,bPSRtLgBPzqGB78dIPDqzDiJ/vk=,SLBwCKvt+MfT9f17PTLhpYFpTcc=
22,103,bPSRtLgBPzqGB78dIPDqzDiJ/vk=,SLBwCKvt+MfT9f17PTLhpYFpTcc=
17,98,bPSRtLgBPzqGB78dIPDqzDiJ/vk=,SLBwCKvt+MfT9f17PTLhpYFpTcc=
22,96,bPSRtLgBPzqGB78dIPDqzDiJ/vk=,SLBwCKvt+MfT9f17PTLhpYFpTcc=
23,106,bPSRtLgBPzqGB78dIPDqzDiJ/vk=,SLBwCKvt+MfT9f17PTLhpYFpTcc=
17,101,bPSRtLgBPzqGB78dIPDqzDiJ/vk=,SLBwCKvt+MfT9f17PTLhpYFpTcc=
16,101,bPSRtLgBPzqGB78dIPDqzDiJ/vk=,SLBwCKvt+MfT9f17PTLhpYFpTcc=
18,101,bPSRtLgBPzqGB78dIPDqzDiJ/vk=,SLBwCKvt+MfT9f17PTLhpYFpTcc=
19,101,bPSRtLgBPzqGB78dIPDqzDiJ/vk=,SLBwCKvt+MfT9f17PTLhpYFpTcc=
23,101,bPSRtLgBPzqGB78dIPDqzDiJ/vk=,SLBwCKvt+MfT9f17PTLhpYFpTcc=
30,100,bPSRtLgBPzqGB78dIPDqzDiJ/vk=,SLBwCKvt+MfT9f17PTLhpYFpTcc=
31,101,bPSRtLgBPzqGB78dIPDqzDiJ/vk=,SLBwCKvt+MfT9f17PTLhpYFpTcc=
28,100,bPSRtLgBPzqGB78dIPDqzDiJ/vk=,SLBwCKvt+MfT9f17PTLhpYFpTcc=
27,100,bPSRtLgBPzqGB78dIPDqzDiJ/vk=,SLBwCKvt+MfT9f17PTLhpYFpTcc=
31,104,bPSRtLgBPzqGB78dIPDqzDiJ/vk=,SLBwCKvt+MfT9f17PTLhpYFpTcc=
25,100,bPSRtLgBPzqGB78dIPDqzDiJ/vk=,SLBwCKvt+MfT9f17PTLhpYFpTcc=
26,100,bPSRtLgBPzqGB78dIPDqzDiJ/vk=,SLBwCKvt+MfT9f17PTLhpYFpTcc=
24,100,bPSRtLgBPzqGB78dIPDqzDiJ/vk=,SLBwCKvt+MfT9f17PTLhpYFpTcc=
23,100,bPSRtLgBPzqGB78dIPDqzDiJ/vk=,SLBwCKvt+MfT9f17PTLhpYFpTcc=
18,98,bPSRtLgBPzqGB78dIPDqzDiJ/vk=,SLBwCKvt+MfT9f17PTLhpYFpTcc=
21,96,bPSRtLgBPzqGB78dIPDqzDiJ/vk=,SLBwCKvt+MfT9f17PTLhpYFpTcc=
31,100,bPSRtLgBPzqGB78dIPDqzDiJ/vk=,SLBwCKvt+MfT9f17PTLhpYFpTcc=
22,100,bPSRtLgBPzqGB78dIPDqzDiJ/vk=,SLBwCKvt+MfT9f17PTLhpYFpTcc=
20,100,bPSRtLgBPzqGB78dIPDqzDiJ/vk=,SLBwCKvt+MfT9f17PTLhpYFpTcc=
21,100,bPSRtLgBPzqGB78dIPDqzDiJ/vk=,SLBwCKvt+MfT9f17PTLhpYFpTcc=
17,100,bPSRtLgBPzqGB78dIPDqzDiJ/vk=,SLBwCKvt+MfT9f17PTLhpYFpTcc=
19,100,bPSRtLgBPzqGB78dIPDqzDiJ/vk=,SLBwCKvt+MfT9f17PTLhpYFpTcc=
16,100,bPSRtLgBPzqGB78dIPDqzDiJ/vk=,SLBwCKvt+MfT9f17PTLhpYFpTcc=
22,102,bPSRtLgBPzqGB78dIPDqzDiJ/vk=,SLBwCKvt+MfT9f17PTLhpYFpTcc=
29,100,bPSRtLgBPzqGB78dIPDqzDiJ/vk=,SLBwCKvt+MfT9f17PTLhpYFpTcc=
20,101,bPSRtLgBPzqGB78dIPDqzDiJ/vk=,SLBwCKvt+MfT9f17PTLhpYFpTcc=
18,100,bPSRtLgBPzqGB78dIPDqzDiJ/vk=,SLBwCKvt+MfT9f17PTLhpYFpTcc=
